 800
  0.003557  2  177.000000  -488.865000  -1.000000  111.000000  0.541513  -1.000000 
 -0.004028  2  177.000000  -488.865000  -1.000000  111.000000  0.541513  1.000000 
 0.000567  2  177.000000  -488.865000  1.000000  149.000000  -567.384000  -1.000000 
 -0.006446  2  177.000000  -488.865000  1.000000  149.000000  -567.384000  1.000000 
 0.003989  2  126.000000  0.426061  1.000000  120.000000  0.547915  -1.000000 
 -0.001878  2  126.000000  0.426061  1.000000  120.000000  0.547915  1.000000 
 -0.004188  2  126.000000  0.426061  -1.000000  127.000000  0.164405  -1.000000 
 0.002326  2  126.000000  0.426061  -1.000000  127.000000  0.164405  1.000000 
 -0.002482  1  1.000000  0.002844  -1.000000 
 0.002214  2  1.000000  0.002844  1.000000  2452.000000  0.105706  -1.000000 
 -0.002334  3  1.000000  0.002844  1.000000  2452.000000  0.105706  1.000000  675.000000  0.279853  -1.000000 
 0.002800  3  1.000000  0.002844  1.000000  2452.000000  0.105706  1.000000  675.000000  0.279853  1.000000 
 -0.001649  2  147.000000  2.221945  -1.000000  42.000000  0.000315  -1.000000 
 0.001980  2  147.000000  2.221945  -1.000000  42.000000  0.000315  1.000000 
 0.002745  2  147.000000  2.221945  1.000000  94.000000  0.386058  -1.000000 
 -0.003037  2  147.000000  2.221945  1.000000  94.000000  0.386058  1.000000 
 -0.001913  2  1672.000000  0.172712  -1.000000  928.000000  0.251426  -1.000000 
 0.000958  2  1672.000000  0.172712  -1.000000  928.000000  0.251426  1.000000 
 0.001669  2  1672.000000  0.172712  1.000000  2742.000000  0.137319  -1.000000 
 -0.001822  2  1672.000000  0.172712  1.000000  2742.000000  0.137319  1.000000 
 0.001319  1  64.000000  0.018843  1.000000 
 -0.002087  2  64.000000  0.018843  -1.000000  21.000000  0.002474  -1.000000 
 0.001808  3  64.000000  0.018843  -1.000000  21.000000  0.002474  1.000000  3803.000000  -0.098161  -1.000000 
 -0.002645  3  64.000000  0.018843  -1.000000  21.000000  0.002474  1.000000  3803.000000  -0.098161  1.000000 
 -0.001611  2  832.000000  0.171381  -1.000000  3471.000000  0.338915  -1.000000 
 0.001077  2  832.000000  0.171381  -1.000000  3471.000000  0.338915  1.000000 
 -0.001731  2  832.000000  0.171381  1.000000  582.000000  0.046141  -1.000000 
 0.001894  2  832.000000  0.171381  1.000000  582.000000  0.046141  1.000000 
 -0.001456  2  868.000000  0.136078  -1.000000  964.000000  0.296080  -1.000000 
 0.001029  2  868.000000  0.136078  -1.000000  964.000000  0.296080  1.000000 
 0.001548  2  868.000000  0.136078  1.000000  1900.000000  0.137636  -1.000000 
 -0.001129  2  868.000000  0.136078  1.000000  1900.000000  0.137636  1.000000 
 -0.001190  2  1470.000000  0.146414  1.000000  3167.000000  0.051454  -1.000000 
 0.001522  2  1470.000000  0.146414  1.000000  3167.000000  0.051454  1.000000 
 -0.001654  2  1470.000000  0.146414  -1.000000  2652.000000  0.209452  -1.000000 
 0.000993  2  1470.000000  0.146414  -1.000000  2652.000000  0.209452  1.000000 
 0.001466  2  66.000000  0.009656  1.000000  1894.000000  0.098181  -1.000000 
 -0.001634  2  66.000000  0.009656  1.000000  1894.000000  0.098181  1.000000 
 -0.001230  2  66.000000  0.009656  -1.000000  2362.000000  0.282148  -1.000000 
 0.002054  2  66.000000  0.009656  -1.000000  2362.000000  0.282148  1.000000 
 -0.001398  2  117.000000  0.049311  1.000000  19.000000  0.003906  -1.000000 
 0.001180  2  117.000000  0.049311  1.000000  19.000000  0.003906  1.000000 
 0.001409  2  117.000000  0.049311  -1.000000  18.000000  0.009934  -1.000000 
 -0.002050  2  117.000000  0.049311  -1.000000  18.000000  0.009934  1.000000 
 -0.002091  2  1181.000000  0.135634  1.000000  4.000000  0.021459  -1.000000 
 0.001192  2  1181.000000  0.135634  1.000000  4.000000  0.021459  1.000000 
 0.001498  2  1181.000000  0.135634  -1.000000  124.000000  0.366580  -1.000000 
 -0.001254  2  1181.000000  0.135634  -1.000000  124.000000  0.366580  1.000000 
 -0.001566  2  42.000000  0.001730  -1.000000  175.000000  3170.130000  -1.000000 
 0.001356  2  42.000000  0.001730  -1.000000  175.000000  3170.130000  1.000000 
 -0.002930  2  42.000000  0.001730  1.000000  178.000000  -6071.305000  -1.000000 
 0.001106  2  42.000000  0.001730  1.000000  178.000000  -6071.305000  1.000000 
 -0.001090  2  674.000000  0.154678  -1.000000  256.000000  0.336708  -1.000000 
 0.001416  2  674.000000  0.154678  -1.000000  256.000000  0.336708  1.000000 
 -0.001018  2  674.000000  0.154678  1.000000  2691.000000  0.082383  -1.000000 
 0.001455  2  674.000000  0.154678  1.000000  2691.000000  0.082383  1.000000 
 -0.000900  1  68.000000  0.005108  -1.000000 
 -0.002041  2  68.000000  0.005108  1.000000  123.000000  0.425598  1.000000 
 0.001709  3  68.000000  0.005108  1.000000  123.000000  0.425598  -1.000000  129.000000  0.002013  -1.000000 
 -0.001010  3  68.000000  0.005108  1.000000  123.000000  0.425598  -1.000000  129.000000  0.002013  1.000000 
 0.000970  2  1854.000000  0.090008  1.000000  987.000000  0.131981  -1.000000 
 -0.001063  2  1854.000000  0.090008  1.000000  987.000000  0.131981  1.000000 
 0.000867  2  1854.000000  0.090008  -1.000000  3363.000000  0.000120  -1.000000 
 -0.001899  2  1854.000000  0.090008  -1.000000  3363.000000  0.000120  1.000000 
 0.000986  1  814.000000  0.162245  1.000000 
 0.000859  2  814.000000  0.162245  -1.000000  127.000000  0.272907  1.000000 
 -0.001665  3  814.000000  0.162245  -1.000000  127.000000  0.272907  -1.000000  1048.000000  0.225683  -1.000000 
 0.001152  3  814.000000  0.162245  -1.000000  127.000000  0.272907  -1.000000  1048.000000  0.225683  1.000000 
 -0.002034  2  3253.000000  0.190045  -1.000000  1103.000000  0.120956  -1.000000 
 0.000596  2  3253.000000  0.190045  -1.000000  1103.000000  0.120956  1.000000 
 0.001110  2  3253.000000  0.190045  1.000000  2924.000000  0.228440  -1.000000 
 -0.002013  2  3253.000000  0.190045  1.000000  2924.000000  0.228440  1.000000 
 -0.001487  2  698.000000  0.054750  1.000000  2728.000000  0.251532  -1.000000 
 0.001115  2  698.000000  0.054750  1.000000  2728.000000  0.251532  1.000000 
 0.001248  2  698.000000  0.054750  -1.000000  177.000000  127.534000  -1.000000 
 -0.001211  2  698.000000  0.054750  -1.000000  177.000000  127.534000  1.000000 
 -0.002195  2  2169.000000  0.105384  1.000000  2158.000000  0.027625  -1.000000 
 0.001062  2  2169.000000  0.105384  1.000000  2158.000000  0.027625  1.000000 
 -0.001580  2  2169.000000  0.105384  -1.000000  1082.000000  0.183236  -1.000000 
 0.000711  2  2169.000000  0.105384  -1.000000  1082.000000  0.183236  1.000000 
 0.001023  2  584.000000  0.085474  -1.000000  614.000000  0.125132  -1.000000 
 -0.001401  2  584.000000  0.085474  -1.000000  614.000000  0.125132  1.000000 
 -0.001311  2  584.000000  0.085474  1.000000  2831.000000  0.200620  -1.000000 
 0.000754  2  584.000000  0.085474  1.000000  2831.000000  0.200620  1.000000 
 -0.001334  2  196.000000  -0.191927  1.000000  1182.000000  0.177244  -1.000000 
 0.000778  2  196.000000  -0.191927  1.000000  1182.000000  0.177244  1.000000 
 0.001152  2  196.000000  -0.191927  -1.000000  132.000000  0.021500  -1.000000 
 -0.001798  2  196.000000  -0.191927  -1.000000  132.000000  0.021500  1.000000 
 -0.001096  2  3130.000000  0.022869  1.000000  637.000000  0.258043  -1.000000 
 0.000967  2  3130.000000  0.022869  1.000000  637.000000  0.258043  1.000000 
 0.001017  2  3130.000000  0.022869  -1.000000  3219.000000  0.644851  -1.000000 
 -0.002608  2  3130.000000  0.022869  -1.000000  3219.000000  0.644851  1.000000 
 -0.001094  2  1216.000000  0.149131  -1.000000  2361.000000  0.172389  -1.000000 
 0.000960  2  1216.000000  0.149131  -1.000000  2361.000000  0.172389  1.000000 
 0.001299  2  1216.000000  0.149131  1.000000  77.000000  0.525707  -1.000000 
 -0.001287  2  1216.000000  0.149131  1.000000  77.000000  0.525707  1.000000 
 -0.000828  2  1224.000000  0.078310  -1.000000  3043.000000  0.032458  -1.000000 
 0.001156  2  1224.000000  0.078310  -1.000000  3043.000000  0.032458  1.000000 
 -0.001134  2  1224.000000  0.078310  1.000000  2661.000000  0.241304  -1.000000 
 0.001817  2  1224.000000  0.078310  1.000000  2661.000000  0.241304  1.000000 
 -0.000788  1  119.000000  0.063416  -1.000000 
 -0.000993  2  119.000000  0.063416  1.000000  3379.000000  0.072910  1.000000 
 0.001379  3  119.000000  0.063416  1.000000  3379.000000  0.072910  -1.000000  118.000000  0.161353  -1.000000 
 -0.002795  3  119.000000  0.063416  1.000000  3379.000000  0.072910  -1.000000  118.000000  0.161353  1.000000 
 -0.000765  1  1835.000000  0.074157  -1.000000 
 -0.000815  2  1835.000000  0.074157  1.000000  3716.000000  0.064754  -1.000000 
 -0.004200  3  1835.000000  0.074157  1.000000  3716.000000  0.064754  1.000000  126.000000  0.132346  -1.000000 
 0.001487  3  1835.000000  0.074157  1.000000  3716.000000  0.064754  1.000000  126.000000  0.132346  1.000000 
 0.000776  1  3001.000000  0.214806  1.000000 
 0.001861  2  3001.000000  0.214806  -1.000000  104.000000  0.395900  -1.000000 
 -0.001280  3  3001.000000  0.214806  -1.000000  104.000000  0.395900  1.000000  2115.000000  0.207857  -1.000000 
 0.000942  3  3001.000000  0.214806  -1.000000  104.000000  0.395900  1.000000  2115.000000  0.207857  1.000000 
 -0.001227  1  73.000000  0.418236  -1.000000 
 -0.002038  2  73.000000  0.418236  1.000000  1616.000000  0.173808  1.000000 
 -0.002019  3  73.000000  0.418236  1.000000  1616.000000  0.173808  -1.000000  1.000000  0.001447  -1.000000 
 0.001143  3  73.000000  0.418236  1.000000  1616.000000  0.173808  -1.000000  1.000000  0.001447  1.000000 
 -0.001278  2  2664.000000  0.040292  1.000000  3488.000000  0.225235  -1.000000 
 0.000759  2  2664.000000  0.040292  1.000000  3488.000000  0.225235  1.000000 
 0.001203  2  2664.000000  0.040292  -1.000000  1903.000000  0.127689  -1.000000 
 -0.001239  2  2664.000000  0.040292  -1.000000  1903.000000  0.127689  1.000000 
 -0.000856  2  2346.000000  0.151545  -1.000000  2122.000000  0.265771  -1.000000 
 0.001687  2  2346.000000  0.151545  -1.000000  2122.000000  0.265771  1.000000 
 -0.001547  2  2346.000000  0.151545  1.000000  647.000000  0.043332  -1.000000 
 0.001556  2  2346.000000  0.151545  1.000000  647.000000  0.043332  1.000000 
 0.001088  2  1346.000000  0.059655  -1.000000  21.000000  0.007202  -1.000000 
 -0.001617  2  1346.000000  0.059655  -1.000000  21.000000  0.007202  1.000000 
 -0.000978  2  1346.000000  0.059655  1.000000  675.000000  0.382459  -1.000000 
 0.001767  2  1346.000000  0.059655  1.000000  675.000000  0.382459  1.000000 
 -0.000856  1  127.000000  0.124891  -1.000000 
 -0.001564  2  127.000000  0.124891  1.000000  39.000000  -0.001018  1.000000 
 0.001535  3  127.000000  0.124891  1.000000  39.000000  -0.001018  -1.000000  129.000000  0.034562  -1.000000 
 -0.004397  3  127.000000  0.124891  1.000000  39.000000  -0.001018  -1.000000  129.000000  0.034562  1.000000 
 -0.001039  2  1506.000000  0.128866  -1.000000  780.000000  0.140664  -1.000000 
 0.000820  2  1506.000000  0.128866  -1.000000  780.000000  0.140664  1.000000 
 -0.001264  2  1506.000000  0.128866  1.000000  3789.000000  0.048206  -1.000000 
 0.001188  2  1506.000000  0.128866  1.000000  3789.000000  0.048206  1.000000 
 -0.000960  2  921.000000  0.053350  -1.000000  1.000000  0.002021  -1.000000 
 0.001112  2  921.000000  0.053350  -1.000000  1.000000  0.002021  1.000000 
 0.001584  2  921.000000  0.053350  1.000000  238.000000  -0.341650  -1.000000 
 -0.000918  2  921.000000  0.053350  1.000000  238.000000  -0.341650  1.000000 
 0.000749  2  94.000000  0.449427  1.000000  159.000000  3.586805  -1.000000 
 -0.001707  2  94.000000  0.449427  1.000000  159.000000  3.586805  1.000000 
 0.001148  2  94.000000  0.449427  -1.000000  2752.000000  0.099151  -1.000000 
 -0.000944  2  94.000000  0.449427  -1.000000  2752.000000  0.099151  1.000000 
 0.001161  2  929.000000  0.119483  1.000000  2062.000000  0.191468  -1.000000 
 -0.001975  2  929.000000  0.119483  1.000000  2062.000000  0.191468  1.000000 
 -0.001061  2  929.000000  0.119483  -1.000000  1971.000000  0.195977  -1.000000 
 0.001636  2  929.000000  0.119483  -1.000000  1971.000000  0.195977  1.000000 
 0.000978  2  2831.000000  0.088337  1.000000  1211.000000  0.126264  -1.000000 
 -0.001170  2  2831.000000  0.088337  1.000000  1211.000000  0.126264  1.000000 
 -0.001330  2  2831.000000  0.088337  -1.000000  127.000000  0.370502  -1.000000 
 0.001012  2  2831.000000  0.088337  -1.000000  127.000000  0.370502  1.000000 
 0.000793  1  1707.000000  0.238548  1.000000 
 0.000758  2  1707.000000  0.238548  -1.000000  1065.000000  0.195390  1.000000 
 -0.001991  3  1707.000000  0.238548  -1.000000  1065.000000  0.195390  -1.000000  2521.000000  0.217463  -1.000000 
 0.000851  3  1707.000000  0.238548  -1.000000  1065.000000  0.195390  -1.000000  2521.000000  0.217463  1.000000 
 -0.000943  2  1003.000000  0.094384  -1.000000  1766.000000  0.168725  -1.000000 
 0.001496  2  1003.000000  0.094384  -1.000000  1766.000000  0.168725  1.000000 
 0.001173  2  1003.000000  0.094384  1.000000  899.000000  0.190757  -1.000000 
 -0.001550  2  1003.000000  0.094384  1.000000  899.000000  0.190757  1.000000 
 -0.001052  2  2634.000000  0.056342  1.000000  3117.000000  0.251892  -1.000000 
 0.001353  2  2634.000000  0.056342  1.000000  3117.000000  0.251892  1.000000 
 0.001311  2  2634.000000  0.056342  -1.000000  11.000000  0.004081  -1.000000 
 -0.000807  2  2634.000000  0.056342  -1.000000  11.000000  0.004081  1.000000 
 -0.000966  2  2953.000000  0.030918  1.000000  1129.000000  0.226580  -1.000000 
 0.001186  2  2953.000000  0.030918  1.000000  1129.000000  0.226580  1.000000 
 0.001310  2  2953.000000  0.030918  -1.000000  1187.000000  0.163441  -1.000000 
 -0.001038  2  2953.000000  0.030918  -1.000000  1187.000000  0.163441  1.000000 
 0.001093  2  3680.000000  0.107858  1.000000  622.000000  0.132456  -1.000000 
 -0.000909  2  3680.000000  0.107858  1.000000  622.000000  0.132456  1.000000 
 -0.001391  2  3680.000000  0.107858  -1.000000  3207.000000  0.143118  -1.000000 
 0.000971  2  3680.000000  0.107858  -1.000000  3207.000000  0.143118  1.000000 
 -0.000911  1  62.000000  0.000208  -1.000000 
 -0.000814  2  62.000000  0.000208  1.000000  128.000000  0.003227  -1.000000 
 0.001491  3  62.000000  0.000208  1.000000  128.000000  0.003227  1.000000  1261.000000  0.192717  -1.000000 
 -0.001197  3  62.000000  0.000208  1.000000  128.000000  0.003227  1.000000  1261.000000  0.192717  1.000000 
 0.001123  2  2438.000000  0.177028  -1.000000  1618.000000  0.000001  -1.000000 
 -0.000883  2  2438.000000  0.177028  -1.000000  1618.000000  0.000001  1.000000 
 0.001321  2  2438.000000  0.177028  1.000000  1104.000000  0.165229  -1.000000 
 -0.000909  2  2438.000000  0.177028  1.000000  1104.000000  0.165229  1.000000 
 -0.001009  1  3385.000000  0.088495  -1.000000 
 -0.001635  2  3385.000000  0.088495  1.000000  1173.000000  0.191494  1.000000 
 -0.002479  3  3385.000000  0.088495  1.000000  1173.000000  0.191494  -1.000000  4.000000  0.020101  -1.000000 
 0.001088  3  3385.000000  0.088495  1.000000  1173.000000  0.191494  -1.000000  4.000000  0.020101  1.000000 
 -0.001147  1  129.000000  0.000761  1.000000 
 -0.001707  2  129.000000  0.000761  -1.000000  93.000000  0.493401  1.000000 
 0.001042  3  129.000000  0.000761  -1.000000  93.000000  0.493401  -1.000000  613.000000  0.155734  -1.000000 
 -0.001170  3  129.000000  0.000761  -1.000000  93.000000  0.493401  -1.000000  613.000000  0.155734  1.000000 
 -0.001192  2  127.000000  0.221061  -1.000000  1586.000000  0.124451  -1.000000 
 0.000517  2  127.000000  0.221061  -1.000000  1586.000000  0.124451  1.000000 
 0.001404  2  127.000000  0.221061  1.000000  591.000000  0.217294  -1.000000 
 -0.000794  2  127.000000  0.221061  1.000000  591.000000  0.217294  1.000000 
 0.000917  1  2747.000000  0.235823  1.000000 
 -0.001028  2  2747.000000  0.235823  -1.000000  2400.000000  0.183057  -1.000000 
 0.001327  3  2747.000000  0.235823  -1.000000  2400.000000  0.183057  1.000000  3377.000000  0.113770  -1.000000 
 -0.002262  3  2747.000000  0.235823  -1.000000  2400.000000  0.183057  1.000000  3377.000000  0.113770  1.000000 
 -0.000689  1  1369.000000  0.120381  -1.000000 
 -0.001201  2  1369.000000  0.120381  1.000000  868.000000  0.057159  -1.000000 
 0.001352  3  1369.000000  0.120381  1.000000  868.000000  0.057159  1.000000  3289.000000  0.269443  -1.000000 
 -0.001331  3  1369.000000  0.120381  1.000000  868.000000  0.057159  1.000000  3289.000000  0.269443  1.000000 
 -0.001047  2  2961.000000  0.039219  1.000000  1881.000000  0.183306  -1.000000 
 0.000787  2  2961.000000  0.039219  1.000000  1881.000000  0.183306  1.000000 
 0.001175  2  2961.000000  0.039219  -1.000000  1804.000000  0.159334  -1.000000 
 -0.001064  2  2961.000000  0.039219  -1.000000  1804.000000  0.159334  1.000000 
 -0.000726  1  1406.000000  0.133816  1.000000 
 -0.001259  2  1406.000000  0.133816  -1.000000  3285.000000  0.009610  -1.000000 
 0.001249  3  1406.000000  0.133816  -1.000000  3285.000000  0.009610  1.000000  1682.000000  0.152579  -1.000000 
 -0.001187  3  1406.000000  0.133816  -1.000000  3285.000000  0.009610  1.000000  1682.000000  0.152579  1.000000 
 -0.000869  1  162.000000  2.019185  1.000000 
 -0.000917  2  162.000000  2.019185  -1.000000  1666.000000  0.132584  1.000000 
 0.001198  3  162.000000  2.019185  -1.000000  1666.000000  0.132584  -1.000000  133.000000  0.067673  -1.000000 
 -0.002866  3  162.000000  2.019185  -1.000000  1666.000000  0.132584  -1.000000  133.000000  0.067673  1.000000 
 0.000906  1  1585.000000  0.157857  1.000000 
 0.001104  2  1585.000000  0.157857  -1.000000  1131.000000  0.020528  -1.000000 
 -0.001234  3  1585.000000  0.157857  -1.000000  1131.000000  0.020528  1.000000  365.000000  0.281953  -1.000000 
 0.001451  3  1585.000000  0.157857  -1.000000  1131.000000  0.020528  1.000000  365.000000  0.281953  1.000000 
 -0.000903  2  2694.000000  0.095078  -1.000000  387.000000  0.156149  -1.000000 
 0.000823  2  2694.000000  0.095078  -1.000000  387.000000  0.156149  1.000000 
 0.001198  2  2694.000000  0.095078  1.000000  1391.000000  0.171268  -1.000000 
 -0.001187  2  2694.000000  0.095078  1.000000  1391.000000  0.171268  1.000000 
 -0.001571  2  659.000000  0.058661  -1.000000  2891.000000  0.000347  -1.000000 
 0.001048  2  659.000000  0.058661  -1.000000  2891.000000  0.000347  1.000000 
 -0.001154  2  659.000000  0.058661  1.000000  1377.000000  0.170332  -1.000000 
 0.000572  2  659.000000  0.058661  1.000000  1377.000000  0.170332  1.000000 
 0.001103  2  66.000000  0.009393  1.000000  1858.000000  0.084148  -1.000000 
 -0.000753  2  66.000000  0.009393  1.000000  1858.000000  0.084148  1.000000 
 -0.000961  2  66.000000  0.009393  -1.000000  385.000000  0.217886  -1.000000 
 0.001183  2  66.000000  0.009393  -1.000000  385.000000  0.217886  1.000000 
 -0.001488  2  1217.000000  0.214109  1.000000  938.000000  0.028321  -1.000000 
 0.001265  2  1217.000000  0.214109  1.000000  938.000000  0.028321  1.000000 
 -0.001035  2  1217.000000  0.214109  -1.000000  2168.000000  0.173105  -1.000000 
 0.000505  2  1217.000000  0.214109  -1.000000  2168.000000  0.173105  1.000000 
 -0.000808  1  19.000000  0.000954  -1.000000 
 -0.001523  2  19.000000  0.000954  1.000000  3829.000000  0.084847  1.000000 
 0.001531  3  19.000000  0.000954  1.000000  3829.000000  0.084847  -1.000000  193.000000  0.139770  -1.000000 
 -0.000751  3  19.000000  0.000954  1.000000  3829.000000  0.084847  -1.000000  193.000000  0.139770  1.000000 
 -0.000786  1  1501.000000  0.071010  1.000000 
 -0.000800  2  1501.000000  0.071010  -1.000000  649.000000  0.106854  1.000000 
 0.001217  3  1501.000000  0.071010  -1.000000  649.000000  0.106854  -1.000000  3497.000000  0.352058  -1.000000 
 -0.002478  3  1501.000000  0.071010  -1.000000  649.000000  0.106854  -1.000000  3497.000000  0.352058  1.000000 
 -0.000993  1  5.000000  11.720900  -1.000000 
 -0.001020  2  5.000000  11.720900  1.000000  625.000000  0.153096  1.000000 
 -0.001257  3  5.000000  11.720900  1.000000  625.000000  0.153096  -1.000000  119.000000  0.048070  -1.000000 
 0.001235  3  5.000000  11.720900  1.000000  625.000000  0.153096  -1.000000  119.000000  0.048070  1.000000 
 -0.000919  1  241.000000  5.792855  1.000000 
 -0.001693  2  241.000000  5.792855  -1.000000  40.000000  -0.000147  1.000000 
 0.001021  3  241.000000  5.792855  -1.000000  40.000000  -0.000147  -1.000000  2337.000000  0.326099  -1.000000 
 -0.002166  3  241.000000  5.792855  -1.000000  40.000000  -0.000147  -1.000000  2337.000000  0.326099  1.000000 
 0.000833  2  1227.000000  0.071651  1.000000  3264.000000  0.148358  -1.000000 
 -0.001281  2  1227.000000  0.071651  1.000000  3264.000000  0.148358  1.000000 
 -0.001068  2  1227.000000  0.071651  -1.000000  2250.000000  0.205629  -1.000000 
 0.001369  2  1227.000000  0.071651  -1.000000  2250.000000  0.205629  1.000000 
 -0.000665  2  3304.000000  0.115208  1.000000  3254.000000  0.153969  -1.000000 
 0.001275  2  3304.000000  0.115208  1.000000  3254.000000  0.153969  1.000000 
 0.000843  2  3304.000000  0.115208  -1.000000  3337.000000  0.000009  -1.000000 
 -0.001120  2  3304.000000  0.115208  -1.000000  3337.000000  0.000009  1.000000 
 0.001059  1  3594.000000  0.135456  1.000000 
 -0.000776  2  3594.000000  0.135456  -1.000000  3216.000000  0.198926  -1.000000 
 0.001580  3  3594.000000  0.135456  -1.000000  3216.000000  0.198926  1.000000  943.000000  0.167998  -1.000000 
 -0.003207  3  3594.000000  0.135456  -1.000000  3216.000000  0.198926  1.000000  943.000000  0.167998  1.000000 
 -0.001569  2  808.000000  0.060745  -1.000000  1363.000000  0.017498  -1.000000 
 0.001180  2  808.000000  0.060745  -1.000000  1363.000000  0.017498  1.000000 
 0.000768  2  808.000000  0.060745  1.000000  3631.000000  0.000248  -1.000000 
 -0.001031  2  808.000000  0.060745  1.000000  3631.000000  0.000248  1.000000 
 -0.000861  1  1647.000000  0.052268  -1.000000 
 -0.001799  2  1647.000000  0.052268  1.000000  3169.000000  0.014370  -1.000000 
 0.001019  3  1647.000000  0.052268  1.000000  3169.000000  0.014370  1.000000  647.000000  0.283272  -1.000000 
 -0.003750  3  1647.000000  0.052268  1.000000  3169.000000  0.014370  1.000000  647.000000  0.283272  1.000000 
 -0.001195  2  2680.000000  0.043907  -1.000000  26.000000  -0.002421  -1.000000 
 0.001196  2  2680.000000  0.043907  -1.000000  26.000000  -0.002421  1.000000 
 -0.001013  2  2680.000000  0.043907  1.000000  713.000000  0.181800  -1.000000 
 0.001023  2  2680.000000  0.043907  1.000000  713.000000  0.181800  1.000000 
 0.000879  2  334.000000  0.085604  1.000000  1196.000000  0.230106  -1.000000 
 -0.002094  2  334.000000  0.085604  1.000000  1196.000000  0.230106  1.000000 
 0.000881  2  334.000000  0.085604  -1.000000  220.000000  -0.162641  -1.000000 
 -0.001024  2  334.000000  0.085604  -1.000000  220.000000  -0.162641  1.000000 
 -0.000625  1  642.000000  0.071066  1.000000 
 -0.000681  2  642.000000  0.071066  -1.000000  732.000000  0.115622  1.000000 
 -0.002671  3  642.000000  0.071066  -1.000000  732.000000  0.115622  -1.000000  37.000000  -0.010067  -1.000000 
 0.001598  3  642.000000  0.071066  -1.000000  732.000000  0.115622  -1.000000  37.000000  -0.010067  1.000000 
 -0.001021  2  22.000000  0.003158  -1.000000  3800.000000  -0.095555  -1.000000 
 0.001179  2  22.000000  0.003158  -1.000000  3800.000000  -0.095555  1.000000 
 -0.001600  2  22.000000  0.003158  1.000000  145.000000  47.733850  -1.000000 
 0.001292  2  22.000000  0.003158  1.000000  145.000000  47.733850  1.000000 
 -0.000933  1  2635.000000  0.012967  -1.000000 
 -0.001456  2  2635.000000  0.012967  1.000000  76.000000  0.512466  1.000000 
 0.001104  3  2635.000000  0.012967  1.000000  76.000000  0.512466  -1.000000  36.000000  -0.000202  -1.000000 
 -0.001840  3  2635.000000  0.012967  1.000000  76.000000  0.512466  -1.000000  36.000000  -0.000202  1.000000 
 0.001160  2  153.000000  0.911753  -1.000000  2627.000000  0.117089  -1.000000 
 -0.000969  2  153.000000  0.911753  -1.000000  2627.000000  0.117089  1.000000 
 -0.001233  2  153.000000  0.911753  1.000000  3154.000000  0.211944  -1.000000 
 0.000810  2  153.000000  0.911753  1.000000  3154.000000  0.211944  1.000000 
 -0.000908  1  770.000000  0.034019  -1.000000 
 -0.000905  2  770.000000  0.034019  1.000000  1860.000000  0.116637  1.000000 
 -0.001799  3  770.000000  0.034019  1.000000  1860.000000  0.116637  -1.000000  2.000000  0.151675  -1.000000 
 0.001210  3  770.000000  0.034019  1.000000  1860.000000  0.116637  -1.000000  2.000000  0.151675  1.000000 
 0.000861  2  3492.000000  0.073882  -1.000000  3320.000000  0.173610  -1.000000 
 -0.001016  2  3492.000000  0.073882  -1.000000  3320.000000  0.173610  1.000000 
 -0.001731  2  3492.000000  0.073882  1.000000  927.000000  0.204954  -1.000000 
 0.000621  2  3492.000000  0.073882  1.000000  927.000000  0.204954  1.000000 
 -0.000869  1  3471.000000  0.122504  -1.000000 
 -0.000791  2  3471.000000  0.122504  1.000000  447.000000  0.161983  1.000000 
 -0.002972  3  3471.000000  0.122504  1.000000  447.000000  0.161983  -1.000000  3800.000000  -0.154690  -1.000000 
 0.001148  3  3471.000000  0.122504  1.000000  447.000000  0.161983  -1.000000  3800.000000  -0.154690  1.000000 
 -0.000828  2  2414.000000  0.082754  -1.000000  2172.000000  0.000000  -1.000000 
 0.000842  2  2414.000000  0.082754  -1.000000  2172.000000  0.000000  1.000000 
 -0.001766  2  2414.000000  0.082754  1.000000  3118.000000  0.244921  -1.000000 
 0.002862  2  2414.000000  0.082754  1.000000  3118.000000  0.244921  1.000000 
 -0.000761  2  86.000000  0.462686  1.000000  1368.000000  0.079882  -1.000000 
 0.001084  2  86.000000  0.462686  1.000000  1368.000000  0.079882  1.000000 
 -0.001440  2  86.000000  0.462686  -1.000000  1044.000000  0.158432  -1.000000 
 0.001177  2  86.000000  0.462686  -1.000000  1044.000000  0.158432  1.000000 
 0.001130  2  2021.000000  0.053563  1.000000  2378.000000  0.000022  -1.000000 
 -0.000979  2  2021.000000  0.053563  1.000000  2378.000000  0.000022  1.000000 
 -0.000918  2  2021.000000  0.053563  -1.000000  2336.000000  0.067998  -1.000000 
 0.001620  2  2021.000000  0.053563  -1.000000  2336.000000  0.067998  1.000000 
 -0.000909  2  2654.000000  0.109619  1.000000  1200.000000  0.070376  -1.000000 
 0.001023  2  2654.000000  0.109619  1.000000  1200.000000  0.070376  1.000000 
 -0.001060  2  2654.000000  0.109619  -1.000000  64.000000  0.064109  -1.000000 
 0.001105  2  2654.000000  0.109619  -1.000000  64.000000  0.064109  1.000000 
 0.000996  2  2197.000000  0.082709  -1.000000  1578.000000  0.151363  -1.000000 
 -0.001092  2  2197.000000  0.082709  -1.000000  1578.000000  0.151363  1.000000 
 -0.001279  2  2197.000000  0.082709  1.000000  2756.000000  0.167155  -1.000000 
 0.000680  2  2197.000000  0.082709  1.000000  2756.000000  0.167155  1.000000 
 -0.001019  1  579.000000  0.041396  -1.000000 
 -0.001073  2  579.000000  0.041396  1.000000  3558.000000  0.018852  -1.000000 
 0.001104  3  579.000000  0.041396  1.000000  3558.000000  0.018852  1.000000  3077.000000  0.170240  -1.000000 
 -0.001316  3  579.000000  0.041396  1.000000  3558.000000  0.018852  1.000000  3077.000000  0.170240  1.000000 
 -0.000847  2  127.000000  0.111407  1.000000  2197.000000  0.006764  -1.000000 
 0.000992  2  127.000000  0.111407  1.000000  2197.000000  0.006764  1.000000 
 -0.001352  2  127.000000  0.111407  -1.000000  1101.000000  0.202098  -1.000000 
 0.000849  2  127.000000  0.111407  -1.000000  1101.000000  0.202098  1.000000 
 0.001058  2  101.000000  0.484234  1.000000  605.000000  0.000001  -1.000000 
 -0.001196  2  101.000000  0.484234  1.000000  605.000000  0.000001  1.000000 
 0.001183  2  101.000000  0.484234  -1.000000  3606.000000  0.170357  -1.000000 
 -0.001209  2  101.000000  0.484234  -1.000000  3606.000000  0.170357  1.000000 
 -0.000896  1  74.000000  0.425974  -1.000000 
 -0.001125  2  74.000000  0.425974  1.000000  156.000000  3.260100  1.000000 
 0.001270  3  74.000000  0.425974  1.000000  156.000000  3.260100  -1.000000  2449.000000  0.099443  -1.000000 
 -0.000789  3  74.000000  0.425974  1.000000  156.000000  3.260100  -1.000000  2449.000000  0.099443  1.000000 
 -0.000956  1  2426.000000  0.003058  -1.000000 
 -0.000898  2  2426.000000  0.003058  1.000000  1407.000000  0.156152  1.000000 
 0.001301  3  2426.000000  0.003058  1.000000  1407.000000  0.156152  -1.000000  1581.000000  0.163475  -1.000000 
 -0.001252  3  2426.000000  0.003058  1.000000  1407.000000  0.156152  -1.000000  1581.000000  0.163475  1.000000 
 -0.000871  1  314.000000  0.141923  1.000000 
 -0.001078  2  314.000000  0.141923  -1.000000  3307.000000  0.192142  1.000000 
 -0.000539  3  314.000000  0.141923  -1.000000  3307.000000  0.192142  -1.000000  348.000000  0.042450  -1.000000 
 0.001371  3  314.000000  0.141923  -1.000000  3307.000000  0.192142  -1.000000  348.000000  0.042450  1.000000 
 -0.001723  2  3384.000000  0.190923  1.000000  1400.000000  0.029619  -1.000000 
 0.001288  2  3384.000000  0.190923  1.000000  1400.000000  0.029619  1.000000 
 0.000849  2  3384.000000  0.190923  -1.000000  1166.000000  0.037761  -1.000000 
 -0.001000  2  3384.000000  0.190923  -1.000000  1166.000000  0.037761  1.000000 
 0.000824  2  3789.000000  0.067982  1.000000  3663.000000  0.155174  -1.000000 
 -0.001150  2  3789.000000  0.067982  1.000000  3663.000000  0.155174  1.000000 
 -0.001490  2  3789.000000  0.067982  -1.000000  3823.000000  -0.002737  -1.000000 
 0.001519  2  3789.000000  0.067982  -1.000000  3823.000000  -0.002737  1.000000 
 -0.000894  2  18.000000  0.001351  1.000000  2945.000000  0.035773  -1.000000 
 0.000958  2  18.000000  0.001351  1.000000  2945.000000  0.035773  1.000000 
 0.001759  2  18.000000  0.001351  -1.000000  86.000000  0.365290  -1.000000 
 -0.001177  2  18.000000  0.001351  -1.000000  86.000000  0.365290  1.000000 
 -0.000828  1  1440.000000  0.047982  -1.000000 
 -0.001087  2  1440.000000  0.047982  1.000000  1212.000000  0.118561  1.000000 
 0.001156  3  1440.000000  0.047982  1.000000  1212.000000  0.118561  -1.000000  690.000000  0.206182  -1.000000 
 -0.001607  3  1440.000000  0.047982  1.000000  1212.000000  0.118561  -1.000000  690.000000  0.206182  1.000000 
 -0.000827  2  2486.000000  0.019083  1.000000  2828.000000  0.287652  -1.000000 
 0.002314  2  2486.000000  0.019083  1.000000  2828.000000  0.287652  1.000000 
 0.001156  2  2486.000000  0.019083  -1.000000  3546.000000  0.174198  -1.000000 
 -0.001192  2  2486.000000  0.019083  -1.000000  3546.000000  0.174198  1.000000 
 0.001036  2  3077.000000  0.049875  -1.000000  237.000000  -0.058011  -1.000000 
 -0.001005  2  3077.000000  0.049875  -1.000000  237.000000  -0.058011  1.000000 
 -0.001564  2  3077.000000  0.049875  1.000000  946.000000  0.049085  -1.000000 
 0.000946  2  3077.000000  0.049875  1.000000  946.000000  0.049085  1.000000 
 -0.001204  2  980.000000  0.065154  1.000000  1768.000000  0.204950  -1.000000 
 0.001333  2  980.000000  0.065154  1.000000  1768.000000  0.204950  1.000000 
 0.001021  2  980.000000  0.065154  -1.000000  217.000000  1.488505  -1.000000 
 -0.001303  2  980.000000  0.065154  -1.000000  217.000000  1.488505  1.000000 
 0.001120  2  1264.000000  0.157071  -1.000000  1683.000000  0.085782  -1.000000 
 -0.000588  2  1264.000000  0.157071  -1.000000  1683.000000  0.085782  1.000000 
 -0.000990  2  1264.000000  0.157071  1.000000  183.000000  0.555256  -1.000000 
 0.002879  2  1264.000000  0.157071  1.000000  183.000000  0.555256  1.000000 
 0.001056  2  1464.000000  0.051698  1.000000  1077.000000  0.146723  -1.000000 
 -0.001021  2  1464.000000  0.051698  1.000000  1077.000000  0.146723  1.000000 
 -0.001178  2  1464.000000  0.051698  -1.000000  2580.000000  0.214958  -1.000000 
 0.001195  2  1464.000000  0.051698  -1.000000  2580.000000  0.214958  1.000000 
 -0.000796  2  2706.000000  0.019502  1.000000  1951.000000  0.326709  -1.000000 
 0.001773  2  2706.000000  0.019502  1.000000  1951.000000  0.326709  1.000000 
 -0.000917  2  2706.000000  0.019502  -1.000000  2673.000000  0.000977  -1.000000 
 0.001114  2  2706.000000  0.019502  -1.000000  2673.000000  0.000977  1.000000 
 -0.001076  2  1103.000000  0.120956  -1.000000  221.000000  538.894500  -1.000000 
 0.001093  2  1103.000000  0.120956  -1.000000  221.000000  538.894500  1.000000 
 0.000926  2  1103.000000  0.120956  1.000000  2977.000000  0.129122  -1.000000 
 -0.001228  2  1103.000000  0.120956  1.000000  2977.000000  0.129122  1.000000 
 -0.000840  2  127.000000  0.237370  -1.000000  2510.000000  0.223978  -1.000000 
 0.001184  2  127.000000  0.237370  -1.000000  2510.000000  0.223978  1.000000 
 0.001748  2  127.000000  0.237370  1.000000  129.000000  0.001447  -1.000000 
 -0.000781  2  127.000000  0.237370  1.000000  129.000000  0.001447  1.000000 
 0.001054  2  1179.000000  0.090832  -1.000000  1146.000000  0.033487  -1.000000 
 -0.001425  2  1179.000000  0.090832  -1.000000  1146.000000  0.033487  1.000000 
 -0.000870  2  1179.000000  0.090832  1.000000  387.000000  0.046830  -1.000000 
 0.001041  2  1179.000000  0.090832  1.000000  387.000000  0.046830  1.000000 
 0.000799  1  175.000000  3305.515000  1.000000 
 -0.001197  2  175.000000  3305.515000  -1.000000  41.000000  -0.004012  1.000000 
 0.001227  3  175.000000  3305.515000  -1.000000  41.000000  -0.004012  -1.000000  1075.000000  0.171052  -1.000000 
 -0.001368  3  175.000000  3305.515000  -1.000000  41.000000  -0.004012  -1.000000  1075.000000  0.171052  1.000000 
 0.000914  2  2528.000000  0.111487  -1.000000  24.000000  0.006241  -1.000000 
 -0.001159  2  2528.000000  0.111487  -1.000000  24.000000  0.006241  1.000000 
 -0.001155  2  2528.000000  0.111487  1.000000  779.000000  0.149064  -1.000000 
 0.000758  2  2528.000000  0.111487  1.000000  779.000000  0.149064  1.000000 
 -0.001103  1  2991.000000  0.003199  -1.000000 
 -0.001236  2  2991.000000  0.003199  1.000000  9.000000  1.118570  1.000000 
 -0.007112  3  2991.000000  0.003199  1.000000  9.000000  1.118570  -1.000000  30.000000  -0.009199  -1.000000 
 0.000984  3  2991.000000  0.003199  1.000000  9.000000  1.118570  -1.000000  30.000000  -0.009199  1.000000 
 -0.001458  2  68.000000  0.017820  -1.000000  1530.000000  0.107625  -1.000000 
 0.000609  2  68.000000  0.017820  -1.000000  1530.000000  0.107625  1.000000 
 -0.000926  2  68.000000  0.017820  1.000000  3822.000000  -0.004423  -1.000000 
 0.001455  2  68.000000  0.017820  1.000000  3822.000000  -0.004423  1.000000 
 -0.001042  2  611.000000  0.070964  1.000000  675.000000  0.310754  -1.000000 
 0.001260  2  611.000000  0.070964  1.000000  675.000000  0.310754  1.000000 
 -0.001182  2  611.000000  0.070964  -1.000000  1456.000000  0.023017  -1.000000 
 0.000954  2  611.000000  0.070964  -1.000000  1456.000000  0.023017  1.000000 
 0.001251  2  3689.000000  0.046585  -1.000000  1640.000000  0.105716  -1.000000 
 -0.000943  2  3689.000000  0.046585  -1.000000  1640.000000  0.105716  1.000000 
 -0.001008  2  3689.000000  0.046585  1.000000  3218.000000  0.295307  -1.000000 
 0.000890  2  3689.000000  0.046585  1.000000  3218.000000  0.295307  1.000000 
 -0.001075  2  2015.000000  0.101650  1.000000  1976.000000  0.059608  -1.000000 
 0.001186  2  2015.000000  0.101650  1.000000  1976.000000  0.059608  1.000000 
 -0.001053  2  2015.000000  0.101650  -1.000000  1421.000000  0.173132  -1.000000 
 0.001062  2  2015.000000  0.101650  -1.000000  1421.000000  0.173132  1.000000 
 -0.000983  2  1394.000000  0.080540  1.000000  2558.000000  0.213723  -1.000000 
 0.001276  2  1394.000000  0.080540  1.000000  2558.000000  0.213723  1.000000 
 -0.001906  2  1394.000000  0.080540  -1.000000  6.000000  8.253510  -1.000000 
 0.001032  2  1394.000000  0.080540  -1.000000  6.000000  8.253510  1.000000 
 -0.000613  2  1241.000000  0.065432  -1.000000  383.000000  0.039532  -1.000000 
 0.001147  2  1241.000000  0.065432  -1.000000  383.000000  0.039532  1.000000 
 -0.001262  2  1241.000000  0.065432  1.000000  3770.000000  0.171465  -1.000000 
 0.000861  2  1241.000000  0.065432  1.000000  3770.000000  0.171465  1.000000 
 -0.000877  2  891.000000  0.179617  -1.000000  197.000000  0.262414  -1.000000 
 0.000732  2  891.000000  0.179617  -1.000000  197.000000  0.262414  1.000000 
 0.001318  2  891.000000  0.179617  1.000000  3362.000000  0.142885  -1.000000 
 -0.001226  2  891.000000  0.179617  1.000000  3362.000000  0.142885  1.000000 
 -0.000828  2  2664.000000  0.016476  1.000000  3.000000  0.074868  -1.000000 
 0.001365  2  2664.000000  0.016476  1.000000  3.000000  0.074868  1.000000 
 0.001321  2  2664.000000  0.016476  -1.000000  715.000000  0.101565  -1.000000 
 -0.000851  2  2664.000000  0.016476  -1.000000  715.000000  0.101565  1.000000 
 -0.000919  2  204.000000  -0.034094  -1.000000  1509.000000  0.175753  -1.000000 
 0.001225  2  204.000000  -0.034094  -1.000000  1509.000000  0.175753  1.000000 
 -0.000641  2  204.000000  -0.034094  1.000000  3402.000000  0.008303  -1.000000 
 0.001323  2  204.000000  -0.034094  1.000000  3402.000000  0.008303  1.000000 
 0.001150  2  23.000000  0.002159  1.000000  3819.000000  -0.023152  -1.000000 
 -0.001195  2  23.000000  0.002159  1.000000  3819.000000  -0.023152  1.000000 
 -0.001247  2  23.000000  0.002159  -1.000000  1820.000000  0.156678  -1.000000 
 0.000718  2  23.000000  0.002159  -1.000000  1820.000000  0.156678  1.000000 
 -0.000862  2  95.000000  0.456966  -1.000000  2438.000000  0.048705  -1.000000 
 0.000892  2  95.000000  0.456966  -1.000000  2438.000000  0.048705  1.000000 
 0.001246  2  95.000000  0.456966  1.000000  242.000000  -1828.410000  -1.000000 
 -0.001126  2  95.000000  0.456966  1.000000  242.000000  -1828.410000  1.000000 
 0.001062  2  3159.000000  0.047731  -1.000000  2193.000000  0.187306  -1.000000 
 -0.001336  2  3159.000000  0.047731  -1.000000  2193.000000  0.187306  1.000000 
 0.001676  2  3159.000000  0.047731  1.000000  136.000000  0.001216  -1.000000 
 -0.000889  2  3159.000000  0.047731  1.000000  136.000000  0.001216  1.000000 
 -0.000867  1  692.000000  0.164344  1.000000 
 -0.002053  2  692.000000  0.164344  -1.000000  2187.000000  0.255327  1.000000 
 0.000966  3  692.000000  0.164344  -1.000000  2187.000000  0.255327  -1.000000  82.000000  0.623898  -1.000000 
 -0.003704  3  692.000000  0.164344  -1.000000  2187.000000  0.255327  -1.000000  82.000000  0.623898  1.000000 
 -0.000905  2  2213.000000  0.125572  -1.000000  185.000000  0.066704  -1.000000 
 0.000727  2  2213.000000  0.125572  -1.000000  185.000000  0.066704  1.000000 
 0.001281  2  2213.000000  0.125572  1.000000  1927.000000  0.128388  -1.000000 
 -0.001262  2  2213.000000  0.125572  1.000000  1927.000000  0.128388  1.000000 
 0.000837  2  1352.000000  0.078556  1.000000  3006.000000  0.137782  -1.000000 
 -0.001102  2  1352.000000  0.078556  1.000000  3006.000000  0.137782  1.000000 
 -0.001105  2  1352.000000  0.078556  -1.000000  947.000000  0.280296  -1.000000 
 0.001374  2  1352.000000  0.078556  -1.000000  947.000000  0.280296  1.000000 
 0.000892  2  2005.000000  0.120101  -1.000000  1574.000000  0.125389  -1.000000 
 -0.000660  2  2005.000000  0.120101  -1.000000  1574.000000  0.125389  1.000000 
 -0.001444  2  2005.000000  0.120101  1.000000  2850.000000  0.222923  -1.000000 
 0.001776  2  2005.000000  0.120101  1.000000  2850.000000  0.222923  1.000000 
 -0.000914  1  2800.000000  0.113456  1.000000 
 0.000868  2  2800.000000  0.113456  -1.000000  3215.000000  0.002884  1.000000 
 0.002203  3  2800.000000  0.113456  -1.000000  3215.000000  0.002884  -1.000000  170.000000  -0.071028  -1.000000 
 -0.001541  3  2800.000000  0.113456  -1.000000  3215.000000  0.002884  -1.000000  170.000000  -0.071028  1.000000 
 0.001177  2  2306.000000  0.080492  1.000000  899.000000  0.137228  -1.000000 
 -0.000964  2  2306.000000  0.080492  1.000000  899.000000  0.137228  1.000000 
 0.000478  2  2306.000000  0.080492  -1.000000  921.000000  0.027307  -1.000000 
 -0.001537  2  2306.000000  0.080492  -1.000000  921.000000  0.027307  1.000000 
 -0.000759  2  127.000000  0.249285  -1.000000  3547.000000  0.214299  -1.000000 
 0.001343  2  127.000000  0.249285  -1.000000  3547.000000  0.214299  1.000000 
 0.001543  2  127.000000  0.249285  1.000000  37.000000  -0.002456  -1.000000 
 -0.000799  2  127.000000  0.249285  1.000000  37.000000  -0.002456  1.000000 
 0.000845  2  3.000000  0.030474  1.000000  2452.000000  0.099161  -1.000000 
 -0.001236  2  3.000000  0.030474  1.000000  2452.000000  0.099161  1.000000 
 -0.001390  2  3.000000  0.030474  -1.000000  766.000000  0.259389  -1.000000 
 0.001402  2  3.000000  0.030474  -1.000000  766.000000  0.259389  1.000000 
 -0.000661  1  1708.000000  0.127631  -1.000000 
 -0.001004  2  1708.000000  0.127631  1.000000  2961.000000  0.162229  1.000000 
 0.001268  3  1708.000000  0.127631  1.000000  2961.000000  0.162229  -1.000000  2752.000000  0.220068  -1.000000 
 -0.002715  3  1708.000000  0.127631  1.000000  2961.000000  0.162229  -1.000000  2752.000000  0.220068  1.000000 
 -0.000830  1  191.000000  0.030958  1.000000 
 0.001015  2  191.000000  0.030958  -1.000000  193.000000  0.151373  -1.000000 
 -0.001729  3  191.000000  0.030958  -1.000000  193.000000  0.151373  1.000000  2218.000000  0.134464  -1.000000 
 0.001429  3  191.000000  0.030958  -1.000000  193.000000  0.151373  1.000000  2218.000000  0.134464  1.000000 
 -0.000726  1  3396.000000  0.082048  1.000000 
 -0.001025  2  3396.000000  0.082048  -1.000000  2702.000000  0.000883  -1.000000 
 0.001302  3  3396.000000  0.082048  -1.000000  2702.000000  0.000883  1.000000  732.000000  0.236648  -1.000000 
 -0.002101  3  3396.000000  0.082048  -1.000000  2702.000000  0.000883  1.000000  732.000000  0.236648  1.000000 
 -0.001119  1  162.000000  2.576450  1.000000 
 -0.001246  2  162.000000  2.576450  -1.000000  1223.000000  0.136865  1.000000 
 0.001227  3  162.000000  2.576450  -1.000000  1223.000000  0.136865  -1.000000  1914.000000  0.156959  -1.000000 
 -0.000571  3  162.000000  2.576450  -1.000000  1223.000000  0.136865  -1.000000  1914.000000  0.156959  1.000000 
 -0.001247  2  2713.000000  0.079355  -1.000000  3254.000000  0.272211  -1.000000 
 0.000679  2  2713.000000  0.079355  -1.000000  3254.000000  0.272211  1.000000 
 0.001364  2  2713.000000  0.079355  1.000000  2369.000000  0.111183  -1.000000 
 -0.000840  2  2713.000000  0.079355  1.000000  2369.000000  0.111183  1.000000 
 -0.000772  2  1368.000000  0.120751  1.000000  1333.000000  0.106766  -1.000000 
 0.001164  2  1368.000000  0.120751  1.000000  1333.000000  0.106766  1.000000 
 -0.000985  2  1368.000000  0.120751  -1.000000  2418.000000  0.224686  -1.000000 
 0.001038  2  1368.000000  0.120751  -1.000000  2418.000000  0.224686  1.000000 
 -0.001122  2  66.000000  0.016363  -1.000000  1043.000000  0.157864  -1.000000 
 0.000946  2  66.000000  0.016363  -1.000000  1043.000000  0.157864  1.000000 
 0.001422  2  66.000000  0.016363  1.000000  3310.000000  0.093566  -1.000000 
 -0.000989  2  66.000000  0.016363  1.000000  3310.000000  0.093566  1.000000 
 0.000899  2  1705.000000  0.088237  1.000000  77.000000  0.534357  -1.000000 
 -0.001347  2  1705.000000  0.088237  1.000000  77.000000  0.534357  1.000000 
 -0.001038  2  1705.000000  0.088237  -1.000000  2773.000000  0.199527  -1.000000 
 0.001119  2  1705.000000  0.088237  -1.000000  2773.000000  0.199527  1.000000 
 0.000841  2  2997.000000  0.085508  -1.000000  2019.000000  0.185541  -1.000000 
 -0.001484  2  2997.000000  0.085508  -1.000000  2019.000000  0.185541  1.000000 
 -0.001642  2  2997.000000  0.085508  1.000000  1898.000000  0.165188  -1.000000 
 0.000839  2  2997.000000  0.085508  1.000000  1898.000000  0.165188  1.000000 
 -0.000584  1  63.000000  0.013167  -1.000000 
 -0.002632  2  63.000000  0.013167  1.000000  121.000000  0.603195  1.000000 
 0.001400  3  63.000000  0.013167  1.000000  121.000000  0.603195  -1.000000  2955.000000  0.162598  -1.000000 
 -0.001629  3  63.000000  0.013167  1.000000  121.000000  0.603195  -1.000000  2955.000000  0.162598  1.000000 
 -0.001067  2  2579.000000  0.157067  -1.000000  3736.000000  0.120765  -1.000000 
 0.000791  2  2579.000000  0.157067  -1.000000  3736.000000  0.120765  1.000000 
 0.001148  2  2579.000000  0.157067  1.000000  632.000000  0.156042  -1.000000 
 -0.002414  2  2579.000000  0.157067  1.000000  632.000000  0.156042  1.000000 
 -0.000863  2  858.000000  0.053375  1.000000  3133.000000  0.496537  -1.000000 
 0.002055  2  858.000000  0.053375  1.000000  3133.000000  0.496537  1.000000 
 -0.001819  2  858.000000  0.053375  -1.000000  1.000000  0.001796  -1.000000 
 0.001081  2  858.000000  0.053375  -1.000000  1.000000  0.001796  1.000000 
 0.001039  2  1002.000000  0.074299  1.000000  1241.000000  0.117158  -1.000000 
 -0.001097  2  1002.000000  0.074299  1.000000  1241.000000  0.117158  1.000000 
 -0.001345  2  1002.000000  0.074299  -1.000000  3552.000000  0.138035  -1.000000 
 0.000765  2  1002.000000  0.074299  -1.000000  3552.000000  0.138035  1.000000 
 -0.001070  2  3794.000000  0.101375  1.000000  817.000000  0.165971  -1.000000 
 0.001066  2  3794.000000  0.101375  1.000000  817.000000  0.165971  1.000000 
 0.001150  2  3794.000000  0.101375  -1.000000  129.000000  0.000464  -1.000000 
 -0.001055  2  3794.000000  0.101375  -1.000000  129.000000  0.000464  1.000000 
 0.001149  2  3028.000000  0.108222  1.000000  231.000000  0.034241  -1.000000 
 -0.001105  2  3028.000000  0.108222  1.000000  231.000000  0.034241  1.000000 
 -0.001073  2  3028.000000  0.108222  -1.000000  1852.000000  0.156543  -1.000000 
 0.000745  2  3028.000000  0.108222  -1.000000  1852.000000  0.156543  1.000000 
 -0.001323  2  128.000000  0.015070  -1.000000  2867.000000  0.177754  -1.000000 
 0.000834  2  128.000000  0.015070  -1.000000  2867.000000  0.177754  1.000000 
 0.001215  2  128.000000  0.015070  1.000000  1051.000000  0.117241  -1.000000 
 -0.000833  2  128.000000  0.015070  1.000000  1051.000000  0.117241  1.000000 
 -0.001133  1  977.000000  0.115719  1.000000 
 0.000752  2  977.000000  0.115719  -1.000000  562.000000  0.022515  1.000000 
 -0.001762  3  977.000000  0.115719  -1.000000  562.000000  0.022515  -1.000000  3775.000000  0.167056  -1.000000 
 0.001417  3  977.000000  0.115719  -1.000000  562.000000  0.022515  -1.000000  3775.000000  0.167056  1.000000 
 -0.001037  1  2349.000000  0.110863  1.000000 
 -0.001407  2  2349.000000  0.110863  -1.000000  3118.000000  0.217155  1.000000 
 0.000996  3  2349.000000  0.110863  -1.000000  3118.000000  0.217155  -1.000000  1820.000000  0.202726  -1.000000 
 -0.000885  3  2349.000000  0.110863  -1.000000  3118.000000  0.217155  -1.000000  1820.000000  0.202726  1.000000 
 -0.001061  2  3302.000000  0.058520  1.000000  1881.000000  0.049999  -1.000000 
 0.000972  2  3302.000000  0.058520  1.000000  1881.000000  0.049999  1.000000 
 -0.001443  2  3302.000000  0.058520  -1.000000  1016.000000  0.114712  -1.000000 
 0.000756  2  3302.000000  0.058520  -1.000000  1016.000000  0.114712  1.000000 
 -0.000951  2  2777.000000  0.029949  1.000000  1193.000000  0.198946  -1.000000 
 0.000921  2  2777.000000  0.029949  1.000000  1193.000000  0.198946  1.000000 
 -0.000968  2  2777.000000  0.029949  -1.000000  3828.000000  0.065948  -1.000000 
 0.001104  2  2777.000000  0.029949  -1.000000  3828.000000  0.065948  1.000000 
 -0.000825  1  2860.000000  0.081154  1.000000 
 -0.001540  2  2860.000000  0.081154  -1.000000  1836.000000  0.219183  1.000000 
 0.000888  3  2860.000000  0.081154  -1.000000  1836.000000  0.219183  -1.000000  3327.000000  0.273267  -1.000000 
 -0.001969  3  2860.000000  0.081154  -1.000000  1836.000000  0.219183  -1.000000  3327.000000  0.273267  1.000000 
 -0.000709  2  1181.000000  0.081330  1.000000  478.000000  0.074623  -1.000000 
 0.000855  2  1181.000000  0.081330  1.000000  478.000000  0.074623  1.000000 
 -0.001326  2  1181.000000  0.081330  -1.000000  2076.000000  0.213489  -1.000000 
 0.001495  2  1181.000000  0.081330  -1.000000  2076.000000  0.213489  1.000000 
 0.001016  2  153.000000  1.129135  -1.000000  1442.000000  0.123100  -1.000000 
 -0.000818  2  153.000000  1.129135  -1.000000  1442.000000  0.123100  1.000000 
 0.002108  2  153.000000  1.129135  1.000000  96.000000  0.369256  -1.000000 
 -0.001069  2  153.000000  1.129135  1.000000  96.000000  0.369256  1.000000 
 -0.000935  2  1768.000000  0.120773  -1.000000  2402.000000  0.374294  -1.000000 
 0.001562  2  1768.000000  0.120773  -1.000000  2402.000000  0.374294  1.000000 
 -0.001979  2  1768.000000  0.120773  1.000000  2992.000000  0.002076  -1.000000 
 0.001057  2  1768.000000  0.120773  1.000000  2992.000000  0.002076  1.000000 
 -0.000814  1  844.000000  0.106366  1.000000 
 -0.001030  2  844.000000  0.106366  -1.000000  3149.000000  0.156054  1.000000 
 0.001155  3  844.000000  0.106366  -1.000000  3149.000000  0.156054  -1.000000  751.000000  0.208425  -1.000000 
 -0.001354  3  844.000000  0.106366  -1.000000  3149.000000  0.156054  -1.000000  751.000000  0.208425  1.000000 
 0.000951  2  581.000000  0.100577  1.000000  3263.000000  0.138186  -1.000000 
 -0.000938  2  581.000000  0.100577  1.000000  3263.000000  0.138186  1.000000 
 -0.001147  2  581.000000  0.100577  -1.000000  2688.000000  0.154438  -1.000000 
 0.000928  2  581.000000  0.100577  -1.000000  2688.000000  0.154438  1.000000 
 0.001156  2  17.000000  0.001882  1.000000  10.000000  0.005129  -1.000000 
 -0.001095  2  17.000000  0.001882  1.000000  10.000000  0.005129  1.000000 
 0.001482  2  17.000000  0.001882  -1.000000  730.000000  0.030953  -1.000000 
 -0.001019  2  17.000000  0.001882  -1.000000  730.000000  0.030953  1.000000 
 0.001008  2  2760.000000  0.053021  1.000000  3461.000000  0.226766  -1.000000 
 -0.002225  2  2760.000000  0.053021  1.000000  3461.000000  0.226766  1.000000 
 -0.000949  2  2760.000000  0.053021  -1.000000  2560.000000  0.190339  -1.000000 
 0.000806  2  2760.000000  0.053021  -1.000000  2560.000000  0.190339  1.000000 
 -0.000910  1  61.000000  -0.001915  -1.000000 
 -0.000947  2  61.000000  -0.001915  1.000000  2711.000000  0.163826  1.000000 
 -0.002435  3  61.000000  -0.001915  1.000000  2711.000000  0.163826  -1.000000  3812.000000  -0.131734  -1.000000 
 0.001291  3  61.000000  -0.001915  1.000000  2711.000000  0.163826  -1.000000  3812.000000  -0.131734  1.000000 
 -0.001335  2  2616.000000  0.123109  1.000000  2737.000000  0.002353  -1.000000 
 0.000935  2  2616.000000  0.123109  1.000000  2737.000000  0.002353  1.000000 
 -0.001121  2  2616.000000  0.123109  -1.000000  3610.000000  0.189481  -1.000000 
 0.000762  2  2616.000000  0.123109  -1.000000  3610.000000  0.189481  1.000000 
 0.000826  2  2413.000000  0.059413  -1.000000  1860.000000  0.140985  -1.000000 
 -0.001089  2  2413.000000  0.059413  -1.000000  1860.000000  0.140985  1.000000 
 -0.001285  2  2413.000000  0.059413  1.000000  2115.000000  0.252511  -1.000000 
 0.001957  2  2413.000000  0.059413  1.000000  2115.000000  0.252511  1.000000 
 0.001002  2  4.000000  0.036739  1.000000  2433.000000  0.135174  -1.000000 
 -0.001350  2  4.000000  0.036739  1.000000  2433.000000  0.135174  1.000000 
 0.001072  2  4.000000  0.036739  -1.000000  223.000000  -2.666210  -1.000000 
 -0.000970  2  4.000000  0.036739  -1.000000  223.000000  -2.666210  1.000000 
 0.001220  2  1453.000000  0.147381  1.000000  1499.000000  0.153693  -1.000000 
 -0.000892  2  1453.000000  0.147381  1.000000  1499.000000  0.153693  1.000000 
 -0.001086  2  1453.000000  0.147381  -1.000000  674.000000  0.184617  -1.000000 
 0.000632  2  1453.000000  0.147381  -1.000000  674.000000  0.184617  1.000000 
 -0.000871  2  2285.000000  0.113817  -1.000000  109.000000  0.489592  -1.000000 
 0.000829  2  2285.000000  0.113817  -1.000000  109.000000  0.489592  1.000000 
 -0.001456  2  2285.000000  0.113817  1.000000  3815.000000  -0.029871  -1.000000 
 0.001011  2  2285.000000  0.113817  1.000000  3815.000000  -0.029871  1.000000 
 -0.001068  2  2699.000000  0.042087  1.000000  797.000000  0.231598  -1.000000 
 0.001951  2  2699.000000  0.042087  1.000000  797.000000  0.231598  1.000000 
 0.000977  2  2699.000000  0.042087  -1.000000  3093.000000  0.073922  -1.000000 
 -0.000818  2  2699.000000  0.042087  -1.000000  3093.000000  0.073922  1.000000 
 0.001254  2  2731.000000  0.053604  1.000000  2609.000000  0.107414  -1.000000 
 -0.000645  2  2731.000000  0.053604  1.000000  2609.000000  0.107414  1.000000 
 -0.001410  2  2731.000000  0.053604  -1.000000  1626.000000  0.087122  -1.000000 
 0.000668  2  2731.000000  0.053604  -1.000000  1626.000000  0.087122  1.000000 
 0.000971  2  1432.000000  0.122426  -1.000000  1414.000000  0.127329  -1.000000 
 -0.000731  2  1432.000000  0.122426  -1.000000  1414.000000  0.127329  1.000000 
 -0.001380  2  1432.000000  0.122426  1.000000  3563.000000  0.196545  -1.000000 
 0.001250  2  1432.000000  0.122426  1.000000  3563.000000  0.196545  1.000000 
 0.000664  2  1835.000000  0.089313  -1.000000  3606.000000  0.000003  -1.000000 
 -0.001115  2  1835.000000  0.089313  -1.000000  3606.000000  0.000003  1.000000 
 0.000940  2  1835.000000  0.089313  1.000000  1261.000000  0.189445  -1.000000 
 -0.001211  2  1835.000000  0.089313  1.000000  1261.000000  0.189445  1.000000 
 0.001172  2  3775.000000  0.106661  1.000000  156.000000  2.365585  -1.000000 
 -0.000753  2  3775.000000  0.106661  1.000000  156.000000  2.365585  1.000000 
 -0.000954  2  3775.000000  0.106661  -1.000000  406.000000  0.205956  -1.000000 
 0.001007  2  3775.000000  0.106661  -1.000000  406.000000  0.205956  1.000000 
 -0.000988  2  3645.000000  0.152969  -1.000000  3158.000000  0.127170  -1.000000 
 0.000882  2  3645.000000  0.152969  -1.000000  3158.000000  0.127170  1.000000 
 -0.001028  2  3645.000000  0.152969  1.000000  1603.000000  0.058859  -1.000000 
 0.001286  2  3645.000000  0.152969  1.000000  1603.000000  0.058859  1.000000 
 -0.000803  1  3229.000000  0.018682  1.000000 
 -0.002402  2  3229.000000  0.018682  -1.000000  280.000000  0.249758  1.000000 
 0.001204  3  3229.000000  0.018682  -1.000000  280.000000  0.249758  -1.000000  2613.000000  0.342008  -1.000000 
 -0.003237  3  3229.000000  0.018682  -1.000000  280.000000  0.249758  -1.000000  2613.000000  0.342008  1.000000 
 0.001000  2  2201.000000  0.040483  1.000000  698.000000  0.145649  -1.000000 
 -0.001022  2  2201.000000  0.040483  1.000000  698.000000  0.145649  1.000000 
 -0.001233  2  2201.000000  0.040483  -1.000000  1289.000000  0.245082  -1.000000 
 0.000910  2  2201.000000  0.040483  -1.000000  1289.000000  0.245082  1.000000 
 -0.000898  2  2041.000000  0.058217  1.000000  3045.000000  0.200912  -1.000000 
 0.000839  2  2041.000000  0.058217  1.000000  3045.000000  0.200912  1.000000 
 0.001081  2  2041.000000  0.058217  -1.000000  488.000000  0.181384  -1.000000 
 -0.001684  2  2041.000000  0.058217  -1.000000  488.000000  0.181384  1.000000 
 0.000851  2  119.000000  0.070394  1.000000  153.000000  4.469430  -1.000000 
 -0.001889  2  119.000000  0.070394  1.000000  153.000000  4.469430  1.000000 
 0.001138  2  119.000000  0.070394  -1.000000  3824.000000  -0.003711  -1.000000 
 -0.001348  2  119.000000  0.070394  -1.000000  3824.000000  -0.003711  1.000000 
 0.000887  2  2439.000000  0.072615  1.000000  69.000000  0.489811  -1.000000 
 -0.001131  2  2439.000000  0.072615  1.000000  69.000000  0.489811  1.000000 
 -0.001357  2  2439.000000  0.072615  -1.000000  2887.000000  0.263609  -1.000000 
 0.002923  2  2439.000000  0.072615  -1.000000  2887.000000  0.263609  1.000000 
 0.001068  2  1820.000000  0.072217  1.000000  1866.000000  0.120696  -1.000000 
 -0.000930  2  1820.000000  0.072217  1.000000  1866.000000  0.120696  1.000000 
 -0.001388  2  1820.000000  0.072217  -1.000000  127.000000  0.286794  -1.000000 
 0.000752  2  1820.000000  0.072217  -1.000000  127.000000  0.286794  1.000000 
 -0.000931  1  1006.000000  0.108085  1.000000 
 -0.000811  2  1006.000000  0.108085  -1.000000  1581.000000  0.099131  1.000000 
 0.001164  3  1006.000000  0.108085  -1.000000  1581.000000  0.099131  -1.000000  15.000000  0.009857  -1.000000 
 -0.002513  3  1006.000000  0.108085  -1.000000  1581.000000  0.099131  -1.000000  15.000000  0.009857  1.000000 
 -0.001162  2  2831.000000  0.106231  1.000000  1302.000000  0.022967  -1.000000 
 0.000881  2  2831.000000  0.106231  1.000000  1302.000000  0.022967  1.000000 
 0.000638  2  2831.000000  0.106231  -1.000000  2082.000000  0.015038  -1.000000 
 -0.001205  2  2831.000000  0.106231  -1.000000  2082.000000  0.015038  1.000000 
 0.000810  1  2829.000000  0.177373  1.000000 
 -0.000956  2  2829.000000  0.177373  -1.000000  928.000000  0.258315  -1.000000 
 0.001917  3  2829.000000  0.177373  -1.000000  928.000000  0.258315  1.000000  1594.000000  0.185263  -1.000000 
 -0.001754  3  2829.000000  0.177373  -1.000000  928.000000  0.258315  1.000000  1594.000000  0.185263  1.000000 
 -0.000716  1  666.000000  0.129394  1.000000 
 -0.001676  2  666.000000  0.129394  -1.000000  1964.000000  0.150272  1.000000 
 -0.001579  3  666.000000  0.129394  -1.000000  1964.000000  0.150272  -1.000000  4.000000  0.020101  -1.000000 
 0.001238  3  666.000000  0.129394  -1.000000  1964.000000  0.150272  -1.000000  4.000000  0.020101  1.000000 
 -0.001072  2  23.000000  0.002169  1.000000  2520.000000  0.035879  -1.000000 
 0.001261  2  23.000000  0.002169  1.000000  2520.000000  0.035879  1.000000 
 -0.000994  2  23.000000  0.002169  -1.000000  3199.000000  0.235208  -1.000000 
 0.001179  2  23.000000  0.002169  -1.000000  3199.000000  0.235208  1.000000 
 0.000969  2  68.000000  0.000996  1.000000  3606.000000  0.163838  -1.000000 
 -0.000892  2  68.000000  0.000996  1.000000  3606.000000  0.163838  1.000000 
 0.001612  2  68.000000  0.000996  -1.000000  47.000000  -0.060905  -1.000000 
 -0.001336  2  68.000000  0.000996  -1.000000  47.000000  -0.060905  1.000000 
 0.001073  2  3314.000000  0.088496  1.000000  1299.000000  0.159851  -1.000000 
 -0.000717  2  3314.000000  0.088496  1.000000  1299.000000  0.159851  1.000000 
 0.000991  2  3314.000000  0.088496  -1.000000  3792.000000  0.000001  -1.000000 
 -0.001101  2  3314.000000  0.088496  -1.000000  3792.000000  0.000001  1.000000 
 -0.000704  2  1505.000000  0.074079  1.000000  1352.000000  0.078584  -1.000000 
 0.000998  2  1505.000000  0.074079  1.000000  1352.000000  0.078584  1.000000 
 0.001132  2  1505.000000  0.074079  -1.000000  109.000000  0.433744  -1.000000 
 -0.001232  2  1505.000000  0.074079  -1.000000  109.000000  0.433744  1.000000 
 -0.000744  2  1147.000000  0.104889  -1.000000  3789.000000  0.047207  -1.000000 
 0.001117  2  1147.000000  0.104889  -1.000000  3789.000000  0.047207  1.000000 
 -0.000992  2  1147.000000  0.104889  1.000000  780.000000  0.255976  -1.000000 
 0.002294  2  1147.000000  0.104889  1.000000  780.000000  0.255976  1.000000 
 -0.000702  2  127.000000  0.126635  1.000000  3.000000  0.030462  -1.000000 
 0.001143  2  127.000000  0.126635  1.000000  3.000000  0.030462  1.000000 
 -0.001451  2  127.000000  0.126635  -1.000000  204.000000  0.021036  -1.000000 
 0.000852  2  127.000000  0.126635  -1.000000  204.000000  0.021036  1.000000 
 -0.001171  2  1605.000000  0.087009  1.000000  3715.000000  0.229765  -1.000000 
 0.001008  2  1605.000000  0.087009  1.000000  3715.000000  0.229765  1.000000 
 0.000933  2  1605.000000  0.087009  -1.000000  430.000000  0.151172  -1.000000 
 -0.000979  2  1605.000000  0.087009  -1.000000  430.000000  0.151172  1.000000 
 -0.000950  2  63.000000  0.013588  -1.000000  196.000000  3.157730  -1.000000 
 0.001892  2  63.000000  0.013588  -1.000000  196.000000  3.157730  1.000000 
 0.001016  2  63.000000  0.013588  1.000000  2781.000000  0.198518  -1.000000 
 -0.001207  2  63.000000  0.013588  1.000000  2781.000000  0.198518  1.000000 
 -0.000969  1  129.000000  0.000501  1.000000 
 -0.000963  2  129.000000  0.000501  -1.000000  10.000000  0.000099  -1.000000 
 0.001139  3  129.000000  0.000501  -1.000000  10.000000  0.000099  1.000000  3597.000000  0.212079  -1.000000 
 -0.001866  3  129.000000  0.000501  -1.000000  10.000000  0.000099  1.000000  3597.000000  0.212079  1.000000 
 -0.000712  1  321.000000  0.080832  -1.000000 
 -0.001111  2  321.000000  0.080832  1.000000  1223.000000  0.138051  1.000000 
 -0.001382  3  321.000000  0.080832  1.000000  1223.000000  0.138051  -1.000000  2875.000000  0.000038  -1.000000 
 0.001221  3  321.000000  0.080832  1.000000  1223.000000  0.138051  -1.000000  2875.000000  0.000038  1.000000 
 -0.000570  1  1284.000000  0.070209  -1.000000 
 -0.001314  2  1284.000000  0.070209  1.000000  2350.000000  0.151292  1.000000 
 -0.001342  3  1284.000000  0.070209  1.000000  2350.000000  0.151292  -1.000000  266.000000  -4.807035  -1.000000 
 0.001354  3  1284.000000  0.070209  1.000000  2350.000000  0.151292  -1.000000  266.000000  -4.807035  1.000000 
 -0.001078  2  1634.000000  0.076785  1.000000  1254.000000  0.189302  -1.000000 
 0.000885  2  1634.000000  0.076785  1.000000  1254.000000  0.189302  1.000000 
 0.000925  2  1634.000000  0.076785  -1.000000  1902.000000  0.122741  -1.000000 
 -0.001567  2  1634.000000  0.076785  -1.000000  1902.000000  0.122741  1.000000 
 -0.000772  2  2494.000000  0.215540  -1.000000  3498.000000  0.293474  -1.000000 
 0.001422  2  2494.000000  0.215540  -1.000000  3498.000000  0.293474  1.000000 
 -0.000881  2  2494.000000  0.215540  1.000000  2703.000000  0.005083  -1.000000 
 0.001586  2  2494.000000  0.215540  1.000000  2703.000000  0.005083  1.000000 
 -0.001094  2  2951.000000  0.058454  1.000000  385.000000  0.171931  -1.000000 
 0.001052  2  2951.000000  0.058454  1.000000  385.000000  0.171931  1.000000 
 -0.000992  2  2951.000000  0.058454  -1.000000  1376.000000  0.032011  -1.000000 
 0.000915  2  2951.000000  0.058454  -1.000000  1376.000000  0.032011  1.000000 
 -0.000971  1  74.000000  0.425974  -1.000000 
 -0.002148  2  74.000000  0.425974  1.000000  121.000000  0.595227  1.000000 
 0.001021  3  74.000000  0.425974  1.000000  121.000000  0.595227  -1.000000  3157.000000  0.161274  -1.000000 
 -0.001391  3  74.000000  0.425974  1.000000  121.000000  0.595227  -1.000000  3157.000000  0.161274  1.000000 
 -0.001097  2  408.000000  0.048213  1.000000  720.000000  0.242760  -1.000000 
 0.001181  2  408.000000  0.048213  1.000000  720.000000  0.242760  1.000000 
 -0.000829  2  408.000000  0.048213  -1.000000  3217.000000  0.027346  -1.000000 
 0.001242  2  408.000000  0.048213  -1.000000  3217.000000  0.027346  1.000000 
 -0.000959  2  2120.000000  0.126752  -1.000000  1203.000000  0.150334  -1.000000 
 0.000625  2  2120.000000  0.126752  -1.000000  1203.000000  0.150334  1.000000 
 0.001210  2  2120.000000  0.126752  1.000000  1747.000000  0.153344  -1.000000 
 -0.001179  2  2120.000000  0.126752  1.000000  1747.000000  0.153344  1.000000 
 0.000934  1  2010.000000  0.029979  -1.000000 
 -0.000990  2  2010.000000  0.029979  1.000000  3020.000000  0.128888  -1.000000 
 0.001202  3  2010.000000  0.029979  1.000000  3020.000000  0.128888  1.000000  901.000000  0.133581  -1.000000 
 -0.001125  3  2010.000000  0.029979  1.000000  3020.000000  0.128888  1.000000  901.000000  0.133581  1.000000 
 -0.000988  2  3057.000000  0.058966  1.000000  3008.000000  0.258394  -1.000000 
 0.001511  2  3057.000000  0.058966  1.000000  3008.000000  0.258394  1.000000 
 0.000811  2  3057.000000  0.058966  -1.000000  330.000000  0.225925  -1.000000 
 -0.001605  2  3057.000000  0.058966  -1.000000  330.000000  0.225925  1.000000 
 0.000960  2  817.000000  0.059403  1.000000  1042.000000  0.154582  -1.000000 
 -0.000985  2  817.000000  0.059403  1.000000  1042.000000  0.154582  1.000000 
 -0.001033  2  817.000000  0.059403  -1.000000  3041.000000  0.222210  -1.000000 
 0.001836  2  817.000000  0.059403  -1.000000  3041.000000  0.222210  1.000000 
 0.000903  2  153.000000  0.634246  -1.000000  681.000000  0.212152  -1.000000 
 -0.002118  2  153.000000  0.634246  -1.000000  681.000000  0.212152  1.000000 
 0.001127  2  153.000000  0.634246  1.000000  102.000000  0.450027  -1.000000 
 -0.001088  2  153.000000  0.634246  1.000000  102.000000  0.450027  1.000000 
 -0.000763  2  3685.000000  0.094374  1.000000  20.000000  0.000500  -1.000000 
 0.001249  2  3685.000000  0.094374  1.000000  20.000000  0.000500  1.000000 
 -0.001055  2  3685.000000  0.094374  -1.000000  1638.000000  0.182786  -1.000000 
 0.001138  2  3685.000000  0.094374  -1.000000  1638.000000  0.182786  1.000000 
 0.000491  2  1664.000000  0.178712  -1.000000  2664.000000  0.013191  -1.000000 
 -0.001199  2  1664.000000  0.178712  -1.000000  2664.000000  0.013191  1.000000 
 -0.000708  2  1664.000000  0.178712  1.000000  714.000000  0.041526  -1.000000 
 0.001367  2  1664.000000  0.178712  1.000000  714.000000  0.041526  1.000000 
 -0.000951  2  600.000000  0.129901  -1.000000  170.000000  0.127708  -1.000000 
 0.001126  2  600.000000  0.129901  -1.000000  170.000000  0.127708  1.000000 
 0.001305  2  600.000000  0.129901  1.000000  3824.000000  -0.003128  -1.000000 
 -0.001028  2  600.000000  0.129901  1.000000  3824.000000  -0.003128  1.000000 
 0.000680  1  2007.000000  0.050131  -1.000000 
 0.001211  2  2007.000000  0.050131  1.000000  3532.000000  0.243687  1.000000 
 -0.001397  3  2007.000000  0.050131  1.000000  3532.000000  0.243687  -1.000000  3218.000000  0.292620  -1.000000 
 0.000599  3  2007.000000  0.050131  1.000000  3532.000000  0.243687  -1.000000  3218.000000  0.292620  1.000000 
 -0.000706  2  869.000000  0.114365  1.000000  1342.000000  0.092400  -1.000000 
 0.001096  2  869.000000  0.114365  1.000000  1342.000000  0.092400  1.000000 
 -0.000915  2  869.000000  0.114365  -1.000000  3611.000000  0.230275  -1.000000 
 0.001247  2  869.000000  0.114365  -1.000000  3611.000000  0.230275  1.000000 
 0.000666  1  1018.000000  0.138112  1.000000 
 0.000796  2  1018.000000  0.138112  -1.000000  3584.000000  0.160983  1.000000 
 -0.001205  3  1018.000000  0.138112  -1.000000  3584.000000  0.160983  -1.000000  1144.000000  0.247055  -1.000000 
 0.001995  3  1018.000000  0.138112  -1.000000  3584.000000  0.160983  -1.000000  1144.000000  0.247055  1.000000 
