 400
  0.006587  2  177.000000  -479.700000  -1.000000  111.000000  0.541513  -1.000000 
 -0.005743  2  177.000000  -479.700000  -1.000000  111.000000  0.541513  1.000000 
 0.000712  2  177.000000  -479.700000  1.000000  149.000000  -572.067500  -1.000000 
 -0.006630  2  177.000000  -479.700000  1.000000  149.000000  -572.067500  1.000000 
 -0.006244  1  126.000000  0.633684  -1.000000 
 -0.004217  2  126.000000  0.633684  1.000000  124.000000  0.470975  1.000000 
 -0.003841  3  126.000000  0.633684  1.000000  124.000000  0.470975  -1.000000  1.000000  0.001264  -1.000000 
 0.005343  3  126.000000  0.633684  1.000000  124.000000  0.470975  -1.000000  1.000000  0.001264  1.000000 
 -0.004969  2  153.000000  0.634246  -1.000000  42.000000  0.000308  -1.000000 
 0.004836  2  153.000000  0.634246  -1.000000  42.000000  0.000308  1.000000 
 -0.005272  2  153.000000  0.634246  1.000000  127.000000  0.221073  -1.000000 
 0.002650  2  153.000000  0.634246  1.000000  127.000000  0.221073  1.000000 
 -0.003633  1  119.000000  0.073099  -1.000000 
 -0.004137  2  119.000000  0.073099  1.000000  4.000000  0.025111  -1.000000 
 0.004737  3  119.000000  0.073099  1.000000  4.000000  0.025111  1.000000  145.000000  64.756250  -1.000000 
 -0.004365  3  119.000000  0.073099  1.000000  4.000000  0.025111  1.000000  145.000000  64.756250  1.000000 
 -0.004836  1  126.000000  0.212434  -1.000000 
 -0.003019  2  126.000000  0.212434  1.000000  70.000000  0.496250  1.000000 
 0.003704  3  126.000000  0.212434  1.000000  70.000000  0.496250  -1.000000  129.000000  0.006983  -1.000000 
 -0.003038  3  126.000000  0.212434  1.000000  70.000000  0.496250  -1.000000  129.000000  0.006983  1.000000 
 0.005031  2  1181.000000  0.135634  -1.000000  112.000000  0.352221  -1.000000 
 -0.003278  2  1181.000000  0.135634  -1.000000  112.000000  0.352221  1.000000 
 0.003085  2  1181.000000  0.135634  1.000000  3013.000000  0.112867  -1.000000 
 -0.002994  2  1181.000000  0.135634  1.000000  3013.000000  0.112867  1.000000 
 -0.002439  2  1369.000000  0.151535  1.000000  1102.000000  0.069880  -1.000000 
 0.003349  2  1369.000000  0.151535  1.000000  1102.000000  0.069880  1.000000 
 -0.002956  2  1369.000000  0.151535  -1.000000  2652.000000  0.363808  -1.000000 
 0.002326  2  1369.000000  0.151535  -1.000000  2652.000000  0.363808  1.000000 
 -0.002957  2  3471.000000  0.183733  1.000000  1403.000000  0.033315  -1.000000 
 0.002738  2  3471.000000  0.183733  1.000000  1403.000000  0.033315  1.000000 
 -0.002980  2  3471.000000  0.183733  -1.000000  2615.000000  0.268849  -1.000000 
 0.001818  2  3471.000000  0.183733  -1.000000  2615.000000  0.268849  1.000000 
 -0.002329  2  2602.000000  0.064285  -1.000000  2681.000000  0.005213  -1.000000 
 0.002241  2  2602.000000  0.064285  -1.000000  2681.000000  0.005213  1.000000 
 -0.004648  2  2602.000000  0.064285  1.000000  21.000000  0.002315  -1.000000 
 0.001527  2  2602.000000  0.064285  1.000000  21.000000  0.002315  1.000000 
 0.002221  2  162.000000  2.053145  -1.000000  1223.000000  0.140751  -1.000000 
 -0.003227  2  162.000000  2.053145  -1.000000  1223.000000  0.140751  1.000000 
 0.004677  2  162.000000  2.053145  1.000000  96.000000  0.361351  -1.000000 
 -0.003492  2  162.000000  2.053145  1.000000  96.000000  0.361351  1.000000 
 -0.002586  1  5.000000  11.720900  -1.000000 
 -0.002494  2  5.000000  11.720900  1.000000  687.000000  0.124976  1.000000 
 -0.002880  3  5.000000  11.720900  1.000000  687.000000  0.124976  -1.000000  60.000000  -0.051732  -1.000000 
 0.002957  3  5.000000  11.720900  1.000000  687.000000  0.124976  -1.000000  60.000000  -0.051732  1.000000 
 0.002901  1  3218.000000  0.320128  1.000000 
 -0.002842  2  3218.000000  0.320128  -1.000000  117.000000  0.049311  1.000000 
 -0.002448  3  3218.000000  0.320128  -1.000000  117.000000  0.049311  -1.000000  119.000000  0.048061  -1.000000 
 0.003254  3  3218.000000  0.320128  -1.000000  117.000000  0.049311  -1.000000  119.000000  0.048061  1.000000 
 -0.002390  1  74.000000  0.427550  -1.000000 
 0.002745  2  74.000000  0.427550  1.000000  18.000000  0.001423  1.000000 
 -0.003506  3  74.000000  0.427550  1.000000  18.000000  0.001423  -1.000000  175.000000  3169.795000  -1.000000 
 0.002717  3  74.000000  0.427550  1.000000  18.000000  0.001423  -1.000000  175.000000  3169.795000  1.000000 
 0.002266  2  562.000000  0.067122  1.000000  1900.000000  0.151609  -1.000000 
 -0.003308  2  562.000000  0.067122  1.000000  1900.000000  0.151609  1.000000 
 -0.002608  2  562.000000  0.067122  -1.000000  1228.000000  0.176442  -1.000000 
 0.001841  2  562.000000  0.067122  -1.000000  1228.000000  0.176442  1.000000 
 -0.002652  2  3254.000000  0.218252  1.000000  3822.000000  -0.004297  -1.000000 
 0.002734  2  3254.000000  0.218252  1.000000  3822.000000  -0.004297  1.000000 
 -0.002255  2  3254.000000  0.218252  -1.000000  675.000000  0.255051  -1.000000 
 0.002005  2  3254.000000  0.218252  -1.000000  675.000000  0.255051  1.000000 
 -0.002777  2  68.000000  0.010320  -1.000000  1883.000000  0.200825  -1.000000 
 0.002731  2  68.000000  0.010320  -1.000000  1883.000000  0.200825  1.000000 
 0.002187  2  68.000000  0.010320  1.000000  117.000000  0.163074  -1.000000 
 -0.005399  2  68.000000  0.010320  1.000000  117.000000  0.163074  1.000000 
 -0.002010  2  1066.000000  0.177841  -1.000000  2692.000000  0.460464  -1.000000 
 0.002717  2  1066.000000  0.177841  -1.000000  2692.000000  0.460464  1.000000 
 -0.002282  2  1066.000000  0.177841  1.000000  35.000000  -0.008641  -1.000000 
 0.002827  2  1066.000000  0.177841  1.000000  35.000000  -0.008641  1.000000 
 0.002355  2  1241.000000  0.064597  -1.000000  913.000000  0.137937  -1.000000 
 -0.001646  2  1241.000000  0.064597  -1.000000  913.000000  0.137937  1.000000 
 -0.002885  2  1241.000000  0.064597  1.000000  1733.000000  0.263571  -1.000000 
 0.002332  2  1241.000000  0.064597  1.000000  1733.000000  0.263571  1.000000 
 -0.002092  2  3385.000000  0.159942  -1.000000  3505.000000  0.255595  -1.000000 
 0.001741  2  3385.000000  0.159942  -1.000000  3505.000000  0.255595  1.000000 
 -0.003093  2  3385.000000  0.159942  1.000000  419.000000  0.004262  -1.000000 
 0.002365  2  3385.000000  0.159942  1.000000  419.000000  0.004262  1.000000 
 -0.002015  1  3379.000000  0.038201  1.000000 
 -0.001681  2  3379.000000  0.038201  -1.000000  1439.000000  0.031423  -1.000000 
 0.002631  3  3379.000000  0.038201  -1.000000  1439.000000  0.031423  1.000000  2829.000000  0.356718  -1.000000 
 -0.002953  3  3379.000000  0.038201  -1.000000  1439.000000  0.031423  1.000000  2829.000000  0.356718  1.000000 
 -0.002320  2  2.000000  0.220039  -1.000000  387.000000  0.157091  -1.000000 
 0.001564  2  2.000000  0.220039  -1.000000  387.000000  0.157091  1.000000 
 0.002670  2  2.000000  0.220039  1.000000  2806.000000  0.115334  -1.000000 
 -0.001650  2  2.000000  0.220039  1.000000  2806.000000  0.115334  1.000000 
 -0.002353  1  622.000000  0.112614  1.000000 
 -0.002195  2  622.000000  0.112614  -1.000000  177.000000  138.892500  1.000000 
 0.002202  3  622.000000  0.112614  -1.000000  177.000000  138.892500  -1.000000  314.000000  0.259748  -1.000000 
 -0.003819  3  622.000000  0.112614  -1.000000  177.000000  138.892500  -1.000000  314.000000  0.259748  1.000000 
 0.001527  1  862.000000  0.141707  1.000000 
 0.003537  2  862.000000  0.141707  -1.000000  96.000000  0.382479  -1.000000 
 -0.002449  3  862.000000  0.141707  -1.000000  96.000000  0.382479  1.000000  1341.000000  0.309958  -1.000000 
 0.002571  3  862.000000  0.141707  -1.000000  96.000000  0.382479  1.000000  1341.000000  0.309958  1.000000 
 -0.001415  2  2939.000000  0.056066  -1.000000  2764.000000  0.032988  -1.000000 
 0.001986  2  2939.000000  0.056066  -1.000000  2764.000000  0.032988  1.000000 
 -0.003031  2  2939.000000  0.056066  1.000000  2542.000000  0.157110  -1.000000 
 0.001338  2  2939.000000  0.056066  1.000000  2542.000000  0.157110  1.000000 
 -0.002319  2  127.000000  0.237878  -1.000000  1586.000000  0.144277  -1.000000 
 0.001604  2  127.000000  0.237878  -1.000000  1586.000000  0.144277  1.000000 
 0.002522  2  127.000000  0.237878  1.000000  3668.000000  0.138144  -1.000000 
 -0.002358  2  127.000000  0.237878  1.000000  3668.000000  0.138144  1.000000 
 -0.002260  2  66.000000  0.009393  1.000000  664.000000  0.018801  -1.000000 
 0.002273  2  66.000000  0.009393  1.000000  664.000000  0.018801  1.000000 
 -0.002387  2  66.000000  0.009393  -1.000000  2158.000000  0.193808  -1.000000 
 0.001716  2  66.000000  0.009393  -1.000000  2158.000000  0.193808  1.000000 
 0.001829  2  1470.000000  0.135593  1.000000  1406.000000  0.295911  -1.000000 
 -0.004055  2  1470.000000  0.135593  1.000000  1406.000000  0.295911  1.000000 
 -0.002742  2  1470.000000  0.135593  -1.000000  339.000000  0.249598  -1.000000 
 0.001572  2  1470.000000  0.135593  -1.000000  339.000000  0.249598  1.000000 
 0.002495  1  217.000000  -0.109317  -1.000000 
 0.001529  2  217.000000  -0.109317  1.000000  102.000000  0.455716  -1.000000 
 -0.002517  3  217.000000  -0.109317  1.000000  102.000000  0.455716  1.000000  1737.000000  0.182329  -1.000000 
 0.001665  3  217.000000  -0.109317  1.000000  102.000000  0.455716  1.000000  1737.000000  0.182329  1.000000 
 -0.002098  2  725.000000  0.036800  1.000000  22.000000  0.008067  -1.000000 
 0.002532  2  725.000000  0.036800  1.000000  22.000000  0.008067  1.000000 
 -0.002087  2  725.000000  0.036800  -1.000000  34.000000  -0.008866  -1.000000 
 0.002475  2  725.000000  0.036800  -1.000000  34.000000  -0.008866  1.000000 
 -0.001282  1  2560.000000  0.091655  -1.000000 
 -0.003105  2  2560.000000  0.091655  1.000000  20.000000  0.000118  -1.000000 
 -0.001074  3  2560.000000  0.091655  1.000000  20.000000  0.000118  1.000000  1523.000000  0.071191  -1.000000 
 0.003244  3  2560.000000  0.091655  1.000000  20.000000  0.000118  1.000000  1523.000000  0.071191  1.000000 
 0.002101  2  193.000000  0.151373  -1.000000  2968.000000  0.100411  -1.000000 
 -0.001408  2  193.000000  0.151373  -1.000000  2968.000000  0.100411  1.000000 
 -0.003140  2  193.000000  0.151373  1.000000  64.000000  0.049989  -1.000000 
 0.002738  2  193.000000  0.151373  1.000000  64.000000  0.049989  1.000000 
 -0.001822  1  147.000000  1.610470  1.000000 
 0.001985  2  147.000000  1.610470  -1.000000  129.000000  0.000062  -1.000000 
 -0.003635  3  147.000000  1.610470  -1.000000  129.000000  0.000062  1.000000  108.000000  0.549167  -1.000000 
 0.005317  3  147.000000  1.610470  -1.000000  129.000000  0.000062  1.000000  108.000000  0.549167  1.000000 
 0.002005  2  5.000000  11.636300  1.000000  1984.000000  0.148918  -1.000000 
 -0.001635  2  5.000000  11.636300  1.000000  1984.000000  0.148918  1.000000 
 -0.003545  2  5.000000  11.636300  -1.000000  2031.000000  0.169710  -1.000000 
 0.001387  2  5.000000  11.636300  -1.000000  2031.000000  0.169710  1.000000 
 -0.001646  1  2600.000000  0.043474  1.000000 
 -0.002300  2  2600.000000  0.043474  -1.000000  90.000000  0.437779  -1.000000 
 0.002687  3  2600.000000  0.043474  -1.000000  90.000000  0.437779  1.000000  121.000000  0.607263  -1.000000 
 -0.004658  3  2600.000000  0.043474  -1.000000  90.000000  0.437779  1.000000  121.000000  0.607263  1.000000 
 0.002027  2  1103.000000  0.120956  1.000000  3371.000000  0.155167  -1.000000 
 -0.004980  2  1103.000000  0.120956  1.000000  3371.000000  0.155167  1.000000 
 -0.002029  2  1103.000000  0.120956  -1.000000  3254.000000  0.413376  -1.000000 
 0.002398  2  1103.000000  0.120956  -1.000000  3254.000000  0.413376  1.000000 
 -0.002992  2  1227.000000  0.078615  1.000000  862.000000  0.044367  -1.000000 
 0.002187  2  1227.000000  0.078615  1.000000  862.000000  0.044367  1.000000 
 -0.002346  2  1227.000000  0.078615  -1.000000  3368.000000  0.224004  -1.000000 
 0.001900  2  1227.000000  0.078615  -1.000000  3368.000000  0.224004  1.000000 
 0.002113  2  1478.000000  0.059786  -1.000000  159.000000  33.715000  -1.000000 
 -0.002006  2  1478.000000  0.059786  -1.000000  159.000000  33.715000  1.000000 
 0.001701  2  1478.000000  0.059786  1.000000  1365.000000  0.027092  -1.000000 
 -0.002307  2  1478.000000  0.059786  1.000000  1365.000000  0.027092  1.000000 
 -0.002353  2  1975.000000  0.060488  1.000000  1699.000000  0.070528  -1.000000 
 0.001896  2  1975.000000  0.060488  1.000000  1699.000000  0.070528  1.000000 
 -0.002452  2  1975.000000  0.060488  -1.000000  2122.000000  0.248381  -1.000000 
 0.003078  2  1975.000000  0.060488  -1.000000  2122.000000  0.248381  1.000000 
 -0.001637  1  2932.000000  0.088620  1.000000 
 -0.001717  2  2932.000000  0.088620  -1.000000  1610.000000  0.036224  -1.000000 
 0.002872  3  2932.000000  0.088620  -1.000000  1610.000000  0.036224  1.000000  3661.000000  0.254741  -1.000000 
 -0.004115  3  2932.000000  0.088620  -1.000000  1610.000000  0.036224  1.000000  3661.000000  0.254741  1.000000 
 -0.001295  2  2455.000000  0.092945  -1.000000  2689.000000  0.005826  -1.000000 
 0.002464  2  2455.000000  0.092945  -1.000000  2689.000000  0.005826  1.000000 
 -0.002979  2  2455.000000  0.092945  1.000000  3537.000000  0.215151  -1.000000 
 0.002488  2  2455.000000  0.092945  1.000000  3537.000000  0.215151  1.000000 
 -0.001810  1  1859.000000  0.068199  1.000000 
 -0.002705  2  1859.000000  0.068199  -1.000000  27.000000  -0.004121  -1.000000 
 0.002179  3  1859.000000  0.068199  -1.000000  27.000000  -0.004121  1.000000  120.000000  0.577586  -1.000000 
 -0.004396  3  1859.000000  0.068199  -1.000000  27.000000  -0.004121  1.000000  120.000000  0.577586  1.000000 
 0.001903  2  2597.000000  0.072523  1.000000  950.000000  0.131907  -1.000000 
 -0.001682  2  2597.000000  0.072523  1.000000  950.000000  0.131907  1.000000 
 -0.002524  2  2597.000000  0.072523  -1.000000  2728.000000  0.304741  -1.000000 
 0.001848  2  2597.000000  0.072523  -1.000000  2728.000000  0.304741  1.000000 
 0.002263  2  3322.000000  0.171091  -1.000000  3504.000000  0.000023  -1.000000 
 -0.001828  2  3322.000000  0.171091  -1.000000  3504.000000  0.000023  1.000000 
 -0.004207  2  3322.000000  0.171091  1.000000  3720.000000  0.014593  -1.000000 
 0.002443  2  3322.000000  0.171091  1.000000  3720.000000  0.014593  1.000000 
 0.002264  2  3128.000000  0.031033  -1.000000  3534.000000  0.182267  -1.000000 
 -0.001583  2  3128.000000  0.031033  -1.000000  3534.000000  0.182267  1.000000 
 -0.002081  2  3128.000000  0.031033  1.000000  2981.000000  0.402554  -1.000000 
 0.003441  2  3128.000000  0.031033  1.000000  2981.000000  0.402554  1.000000 
 0.002714  2  2.000000  0.227855  1.000000  79.000000  0.536127  -1.000000 
 -0.001984  2  2.000000  0.227855  1.000000  79.000000  0.536127  1.000000 
 -0.001997  2  2.000000  0.227855  -1.000000  1002.000000  0.168744  -1.000000 
 0.001467  2  2.000000  0.227855  -1.000000  1002.000000  0.168744  1.000000 
 0.002197  2  63.000000  0.014015  1.000000  123.000000  0.422465  -1.000000 
 -0.002923  2  63.000000  0.014015  1.000000  123.000000  0.422465  1.000000 
 -0.002262  2  63.000000  0.014015  -1.000000  3220.000000  0.238051  -1.000000 
 0.001686  2  63.000000  0.014015  -1.000000  3220.000000  0.238051  1.000000 
 -0.001946  2  1835.000000  0.096623  1.000000  19.000000  0.000785  -1.000000 
 0.002787  2  1835.000000  0.096623  1.000000  19.000000  0.000785  1.000000 
 -0.002132  2  1835.000000  0.096623  -1.000000  110.000000  0.493840  -1.000000 
 0.001944  2  1835.000000  0.096623  -1.000000  110.000000  0.493840  1.000000 
 -0.001570  1  1060.000000  0.081112  1.000000 
 0.002140  2  1060.000000  0.081112  -1.000000  29.000000  -0.000958  1.000000 
 -0.003729  3  1060.000000  0.081112  -1.000000  29.000000  -0.000958  -1.000000  2158.000000  0.120347  -1.000000 
 0.001995  3  1060.000000  0.081112  -1.000000  29.000000  -0.000958  -1.000000  2158.000000  0.120347  1.000000 
 -0.003846  2  3530.000000  0.060365  1.000000  18.000000  0.000247  -1.000000 
 0.002012  2  3530.000000  0.060365  1.000000  18.000000  0.000247  1.000000 
 -0.002214  2  3530.000000  0.060365  -1.000000  466.000000  0.177856  -1.000000 
 0.002436  2  3530.000000  0.060365  -1.000000  466.000000  0.177856  1.000000 
 0.002092  1  778.000000  0.147833  1.000000 
 -0.001602  2  778.000000  0.147833  -1.000000  167.000000  -0.082486  1.000000 
 0.004589  3  778.000000  0.147833  -1.000000  167.000000  -0.082486  -1.000000  2637.000000  0.035982  -1.000000 
 -0.003194  3  778.000000  0.147833  -1.000000  167.000000  -0.082486  -1.000000  2637.000000  0.035982  1.000000 
 -0.001851  1  147.000000  1.690960  1.000000 
 -0.003365  2  147.000000  1.690960  -1.000000  2237.000000  0.208458  1.000000 
 0.002327  3  147.000000  1.690960  -1.000000  2237.000000  0.208458  -1.000000  203.000000  0.464920  -1.000000 
 -0.002444  3  147.000000  1.690960  -1.000000  2237.000000  0.208458  -1.000000  203.000000  0.464920  1.000000 
 -0.001903  2  196.000000  -0.212902  1.000000  2944.000000  0.340589  -1.000000 
 0.001956  2  196.000000  -0.212902  1.000000  2944.000000  0.340589  1.000000 
 0.003174  2  196.000000  -0.212902  -1.000000  687.000000  0.062464  -1.000000 
 -0.001312  2  196.000000  -0.212902  -1.000000  687.000000  0.062464  1.000000 
 -0.001937  2  65.000000  0.000603  1.000000  4.000000  0.025006  -1.000000 
 0.002253  2  65.000000  0.000603  1.000000  4.000000  0.025006  1.000000 
 0.002895  2  65.000000  0.000603  -1.000000  164.000000  -0.131020  -1.000000 
 -0.003143  2  65.000000  0.000603  -1.000000  164.000000  -0.131020  1.000000 
 -0.001846  1  1986.000000  0.055379  -1.000000 
 -0.001691  2  1986.000000  0.055379  1.000000  1805.000000  0.154151  1.000000 
 -0.002929  3  1986.000000  0.055379  1.000000  1805.000000  0.154151  -1.000000  3791.000000  0.000036  -1.000000 
 0.002529  3  1986.000000  0.055379  1.000000  1805.000000  0.154151  -1.000000  3791.000000  0.000036  1.000000 
 0.003514  2  694.000000  0.164117  -1.000000  165.000000  -0.370780  -1.000000 
 -0.001788  2  694.000000  0.164117  -1.000000  165.000000  -0.370780  1.000000 
 -0.003249  2  694.000000  0.164117  1.000000  3198.000000  0.005079  -1.000000 
 0.002222  2  694.000000  0.164117  1.000000  3198.000000  0.005079  1.000000 
 -0.002086  2  2951.000000  0.048082  1.000000  2250.000000  0.249778  -1.000000 
 0.003459  2  2951.000000  0.048082  1.000000  2250.000000  0.249778  1.000000 
 -0.001749  2  2951.000000  0.048082  -1.000000  813.000000  0.023934  -1.000000 
 0.002273  2  2951.000000  0.048082  -1.000000  813.000000  0.023934  1.000000 
 -0.002407  1  93.000000  0.478733  1.000000 
 -0.003171  2  93.000000  0.478733  -1.000000  2973.000000  0.140254  1.000000 
 0.002207  3  93.000000  0.478733  -1.000000  2973.000000  0.140254  -1.000000  808.000000  0.146124  -1.000000 
 -0.001101  3  93.000000  0.478733  -1.000000  2973.000000  0.140254  -1.000000  808.000000  0.146124  1.000000 
 -0.002070  1  1236.000000  0.093425  -1.000000 
 -0.004518  2  1236.000000  0.093425  1.000000  1894.000000  0.161776  1.000000 
 -0.000858  3  1236.000000  0.093425  1.000000  1894.000000  0.161776  -1.000000  1464.000000  0.043631  -1.000000 
 0.002789  3  1236.000000  0.093425  1.000000  1894.000000  0.161776  -1.000000  1464.000000  0.043631  1.000000 
 -0.002893  2  659.000000  0.053692  -1.000000  126.000000  0.397869  -1.000000 
 0.001952  2  659.000000  0.053692  -1.000000  126.000000  0.397869  1.000000 
 0.001294  2  659.000000  0.053692  1.000000  137.000000  0.004026  -1.000000 
 -0.002499  2  659.000000  0.053692  1.000000  137.000000  0.004026  1.000000 
 0.002045  2  600.000000  0.092068  1.000000  932.000000  0.180891  -1.000000 
 -0.002700  2  600.000000  0.092068  1.000000  932.000000  0.180891  1.000000 
 -0.001906  2  600.000000  0.092068  -1.000000  2654.000000  0.384046  -1.000000 
 0.002890  2  600.000000  0.092068  -1.000000  2654.000000  0.384046  1.000000 
 -0.002223  2  3300.000000  0.057591  1.000000  239.000000  1412.240000  -1.000000 
 0.001581  2  3300.000000  0.057591  1.000000  239.000000  1412.240000  1.000000 
 0.002099  2  3300.000000  0.057591  -1.000000  120.000000  0.530323  -1.000000 
 -0.003684  2  3300.000000  0.057591  -1.000000  120.000000  0.530323  1.000000 
 0.001407  1  67.000000  0.022182  1.000000 
 0.002787  2  67.000000  0.022182  -1.000000  947.000000  0.259165  1.000000 
 -0.002949  3  67.000000  0.022182  -1.000000  947.000000  0.259165  -1.000000  3563.000000  0.235177  -1.000000 
 0.002794  3  67.000000  0.022182  -1.000000  947.000000  0.259165  -1.000000  3563.000000  0.235177  1.000000 
 0.001367  2  127.000000  0.221073  -1.000000  162.000000  0.192955  -1.000000 
 -0.002422  2  127.000000  0.221073  -1.000000  162.000000  0.192955  1.000000 
 -0.001633  2  127.000000  0.221073  1.000000  2641.000000  0.001370  -1.000000 
 0.002678  2  127.000000  0.221073  1.000000  2641.000000  0.001370  1.000000 
 0.002100  2  3096.000000  0.089241  1.000000  129.000000  0.001750  -1.000000 
 -0.002153  2  3096.000000  0.089241  1.000000  129.000000  0.001750  1.000000 
 -0.002313  2  3096.000000  0.089241  -1.000000  1436.000000  0.197171  -1.000000 
 0.002623  2  3096.000000  0.089241  -1.000000  1436.000000  0.197171  1.000000 
 0.001747  2  1668.000000  0.074082  -1.000000  3597.000000  0.150477  -1.000000 
 -0.002739  2  1668.000000  0.074082  -1.000000  3597.000000  0.150477  1.000000 
 -0.002078  2  1668.000000  0.074082  1.000000  247.000000  0.295838  -1.000000 
 0.002794  2  1668.000000  0.074082  1.000000  247.000000  0.295838  1.000000 
 0.001848  2  1049.000000  0.060330  1.000000  820.000000  0.138636  -1.000000 
 -0.001959  2  1049.000000  0.060330  1.000000  820.000000  0.138636  1.000000 
 -0.002289  2  1049.000000  0.060330  -1.000000  1129.000000  0.211010  -1.000000 
 0.003276  2  1049.000000  0.060330  -1.000000  1129.000000  0.211010  1.000000 
 -0.001898  1  3127.000000  0.072468  1.000000 
 -0.003133  2  3127.000000  0.072468  -1.000000  2449.000000  0.138572  1.000000 
 0.001986  3  3127.000000  0.072468  -1.000000  2449.000000  0.138572  -1.000000  499.000000  0.274184  -1.000000 
 -0.004516  3  3127.000000  0.072468  -1.000000  2449.000000  0.138572  -1.000000  499.000000  0.274184  1.000000 
 -0.001841  1  3716.000000  0.050837  -1.000000 
 -0.002248  2  3716.000000  0.050837  1.000000  1670.000000  0.036206  -1.000000 
 0.002527  3  3716.000000  0.050837  1.000000  1670.000000  0.036206  1.000000  2099.000000  0.167038  -1.000000 
 -0.002225  3  3716.000000  0.050837  1.000000  1670.000000  0.036206  1.000000  2099.000000  0.167038  1.000000 
 -0.002415  1  3822.000000  -0.004307  -1.000000 
 0.001785  2  3822.000000  -0.004307  1.000000  68.000000  -0.001403  1.000000 
 0.002619  3  3822.000000  -0.004307  1.000000  68.000000  -0.001403  -1.000000  198.000000  -1.070835  -1.000000 
 -0.002591  3  3822.000000  -0.004307  1.000000  68.000000  -0.001403  -1.000000  198.000000  -1.070835  1.000000 
 -0.001614  2  3413.000000  0.011884  -1.000000  3041.000000  0.035876  -1.000000 
 0.002856  2  3413.000000  0.011884  -1.000000  3041.000000  0.035876  1.000000 
 -0.002327  2  3413.000000  0.011884  1.000000  3782.000000  0.163093  -1.000000 
 0.001789  2  3413.000000  0.011884  1.000000  3782.000000  0.163093  1.000000 
 -0.001596  1  358.000000  0.057172  -1.000000 
 0.002354  2  358.000000  0.057172  1.000000  3192.000000  0.052021  -1.000000 
 -0.002885  3  358.000000  0.057172  1.000000  3192.000000  0.052021  1.000000  964.000000  0.228614  -1.000000 
 0.002698  3  358.000000  0.057172  1.000000  3192.000000  0.052021  1.000000  964.000000  0.228614  1.000000 
 -0.001611  1  522.000000  0.096457  1.000000 
 -0.002224  2  522.000000  0.096457  -1.000000  3169.000000  0.007911  -1.000000 
 0.002588  3  522.000000  0.096457  -1.000000  3169.000000  0.007911  1.000000  3123.000000  0.128439  -1.000000 
 -0.002601  3  522.000000  0.096457  -1.000000  3169.000000  0.007911  1.000000  3123.000000  0.128439  1.000000 
 0.002057  2  1118.000000  0.079868  1.000000  1069.000000  0.097114  -1.000000 
 -0.001561  2  1118.000000  0.079868  1.000000  1069.000000  0.097114  1.000000 
 0.001737  2  1118.000000  0.079868  -1.000000  1196.000000  0.000000  -1.000000 
 -0.002907  2  1118.000000  0.079868  -1.000000  1196.000000  0.000000  1.000000 
 -0.001792  2  568.000000  0.089425  -1.000000  2474.000000  0.219497  -1.000000 
 0.001902  2  568.000000  0.089425  -1.000000  2474.000000  0.219497  1.000000 
 -0.001738  2  568.000000  0.089425  1.000000  19.000000  0.000772  -1.000000 
 0.002672  2  568.000000  0.089425  1.000000  19.000000  0.000772  1.000000 
 0.002072  2  66.000000  0.009393  1.000000  144.000000  3.167985  -1.000000 
 -0.002655  2  66.000000  0.009393  1.000000  144.000000  3.167985  1.000000 
 -0.002446  2  66.000000  0.009393  -1.000000  1427.000000  0.150134  -1.000000 
 0.001595  2  66.000000  0.009393  -1.000000  1427.000000  0.150134  1.000000 
 -0.001889  1  1413.000000  0.054022  -1.000000 
 -0.002071  2  1413.000000  0.054022  1.000000  3204.000000  0.005202  -1.000000 
 0.002279  3  1413.000000  0.054022  1.000000  3204.000000  0.005202  1.000000  2752.000000  0.180273  -1.000000 
 -0.002964  3  1413.000000  0.054022  1.000000  3204.000000  0.005202  1.000000  2752.000000  0.180273  1.000000 
 -0.001373  2  1927.000000  0.072998  -1.000000  146.000000  -4.595825  -1.000000 
 0.002048  2  1927.000000  0.072998  -1.000000  146.000000  -4.595825  1.000000 
 -0.002869  2  1927.000000  0.072998  1.000000  3495.000000  0.185630  -1.000000 
 0.001816  2  1927.000000  0.072998  1.000000  3495.000000  0.185630  1.000000 
 -0.001285  2  533.000000  0.092558  -1.000000  2426.000000  0.000896  -1.000000 
 0.002074  2  533.000000  0.092558  -1.000000  2426.000000  0.000896  1.000000 
 -0.002897  2  533.000000  0.092558  1.000000  345.000000  0.137692  -1.000000 
 0.001840  2  533.000000  0.092558  1.000000  345.000000  0.137692  1.000000 
 -0.001847  1  61.000000  -0.001915  -1.000000 
 -0.003056  2  61.000000  -0.001915  1.000000  117.000000  0.114698  1.000000 
 -0.003036  3  61.000000  -0.001915  1.000000  117.000000  0.114698  -1.000000  1.000000  0.001305  -1.000000 
 0.002306  3  61.000000  -0.001915  1.000000  117.000000  0.114698  -1.000000  1.000000  0.001305  1.000000 
 0.002088  1  1217.000000  0.238270  1.000000 
 0.002213  2  1217.000000  0.238270  -1.000000  636.000000  0.253443  1.000000 
 -0.002350  3  1217.000000  0.238270  -1.000000  636.000000  0.253443  -1.000000  853.000000  0.319632  -1.000000 
 0.002942  3  1217.000000  0.238270  -1.000000  636.000000  0.253443  -1.000000  853.000000  0.319632  1.000000 
 -0.001558  2  3253.000000  0.187945  1.000000  82.000000  0.459148  -1.000000 
 0.002366  2  3253.000000  0.187945  1.000000  82.000000  0.459148  1.000000 
 -0.001841  2  3253.000000  0.187945  -1.000000  3654.000000  0.249546  -1.000000 
 0.002672  2  3253.000000  0.187945  -1.000000  3654.000000  0.249546  1.000000 
 0.004117  2  1293.000000  0.059052  1.000000  70.000000  0.380926  -1.000000 
 -0.001961  2  1293.000000  0.059052  1.000000  70.000000  0.380926  1.000000 
 0.001966  2  1293.000000  0.059052  -1.000000  488.000000  0.181735  -1.000000 
 -0.002379  2  1293.000000  0.059052  -1.000000  488.000000  0.181735  1.000000 
 -0.001847  2  127.000000  0.249285  -1.000000  1199.000000  0.226778  -1.000000 
 0.001696  2  127.000000  0.249285  -1.000000  1199.000000  0.226778  1.000000 
 -0.001808  2  127.000000  0.249285  1.000000  2095.000000  0.031793  -1.000000 
 0.003119  2  127.000000  0.249285  1.000000  2095.000000  0.031793  1.000000 
 -0.002745  2  893.000000  0.093122  1.000000  1481.000000  0.177984  -1.000000 
 0.001779  2  893.000000  0.093122  1.000000  1481.000000  0.177984  1.000000 
 0.001702  2  893.000000  0.093122  -1.000000  129.000000  0.005959  -1.000000 
 -0.003614  2  893.000000  0.093122  -1.000000  129.000000  0.005959  1.000000 
 -0.002454  2  3680.000000  0.107858  1.000000  1180.000000  0.056662  -1.000000 
 0.001989  2  3680.000000  0.107858  1.000000  1180.000000  0.056662  1.000000 
 -0.002269  2  3680.000000  0.107858  -1.000000  2625.000000  0.240019  -1.000000 
 0.002128  2  3680.000000  0.107858  -1.000000  2625.000000  0.240019  1.000000 
 -0.001589  2  3369.000000  0.044482  -1.000000  66.000000  -0.002584  -1.000000 
 0.002169  2  3369.000000  0.044482  -1.000000  66.000000  -0.002584  1.000000 
 -0.001992  2  3369.000000  0.044482  1.000000  1524.000000  0.264098  -1.000000 
 0.002899  2  3369.000000  0.044482  1.000000  1524.000000  0.264098  1.000000 
 0.001546  2  1182.000000  0.125169  -1.000000  1259.000000  0.000003  -1.000000 
 -0.002188  2  1182.000000  0.125169  -1.000000  1259.000000  0.000003  1.000000 
 -0.002265  2  1182.000000  0.125169  1.000000  3286.000000  0.040011  -1.000000 
 0.002485  2  1182.000000  0.125169  1.000000  3286.000000  0.040011  1.000000 
 0.002004  2  1820.000000  0.072392  1.000000  1964.000000  0.106691  -1.000000 
 -0.001931  2  1820.000000  0.072392  1.000000  1964.000000  0.106691  1.000000 
 -0.002125  2  1820.000000  0.072392  -1.000000  2437.000000  0.337562  -1.000000 
 0.002684  2  1820.000000  0.072392  -1.000000  2437.000000  0.337562  1.000000 
 -0.003818  2  999.000000  0.077424  1.000000  126.000000  0.319279  -1.000000 
 0.001991  2  999.000000  0.077424  1.000000  126.000000  0.319279  1.000000 
 -0.002164  2  999.000000  0.077424  -1.000000  170.000000  0.096240  -1.000000 
 0.001675  2  999.000000  0.077424  -1.000000  170.000000  0.096240  1.000000 
 -0.001313  1  1457.000000  0.058776  1.000000 
 -0.001972  2  1457.000000  0.058776  -1.000000  2208.000000  0.000019  -1.000000 
 -0.004089  3  1457.000000  0.058776  -1.000000  2208.000000  0.000019  1.000000  2203.000000  0.000015  -1.000000 
 0.002717  3  1457.000000  0.058776  -1.000000  2208.000000  0.000019  1.000000  2203.000000  0.000015  1.000000 
 0.001566  2  2096.000000  0.108164  -1.000000  1543.000000  0.236772  -1.000000 
 -0.002871  2  2096.000000  0.108164  -1.000000  1543.000000  0.236772  1.000000 
 -0.002309  2  2096.000000  0.108164  1.000000  1551.000000  0.178531  -1.000000 
 0.001648  2  2096.000000  0.108164  1.000000  1551.000000  0.178531  1.000000 
 -0.001905  1  1553.000000  0.034218  -1.000000 
 -0.001542  2  1553.000000  0.034218  1.000000  3829.000000  0.077667  1.000000 
 0.002604  3  1553.000000  0.034218  1.000000  3829.000000  0.077667  -1.000000  10.000000  0.006451  -1.000000 
 -0.002913  3  1553.000000  0.034218  1.000000  3829.000000  0.077667  -1.000000  10.000000  0.006451  1.000000 
 -0.002233  1  2386.000000  0.067358  1.000000 
 -0.001467  2  2386.000000  0.067358  -1.000000  119.000000  0.067327  -1.000000 
 0.002829  3  2386.000000  0.067358  -1.000000  119.000000  0.067327  1.000000  162.000000  3.658780  -1.000000 
 -0.002851  3  2386.000000  0.067358  -1.000000  119.000000  0.067327  1.000000  162.000000  3.658780  1.000000 
 -0.003108  2  1377.000000  0.121397  1.000000  3118.000000  0.000002  -1.000000 
 0.001916  2  1377.000000  0.121397  1.000000  3118.000000  0.000002  1.000000 
 -0.002075  2  1377.000000  0.121397  -1.000000  3757.000000  0.198701  -1.000000 
 0.001665  2  1377.000000  0.121397  -1.000000  3757.000000  0.198701  1.000000 
 0.002559  2  3656.000000  0.016454  -1.000000  3346.000000  0.021747  -1.000000 
 -0.002309  2  3656.000000  0.016454  -1.000000  3346.000000  0.021747  1.000000 
 -0.002223  2  3656.000000  0.016454  1.000000  127.000000  0.302304  -1.000000 
 0.001612  2  3656.000000  0.016454  1.000000  127.000000  0.302304  1.000000 
 0.001848  2  1464.000000  0.052585  1.000000  1109.000000  0.180066  -1.000000 
 -0.002397  2  1464.000000  0.052585  1.000000  1109.000000  0.180066  1.000000 
 -0.002070  2  1464.000000  0.052585  -1.000000  2580.000000  0.214958  -1.000000 
 0.002260  2  1464.000000  0.052585  -1.000000  2580.000000  0.214958  1.000000 
 -0.003162  1  4.000000  0.021047  -1.000000 
 -0.001534  2  4.000000  0.021047  1.000000  211.000000  1.174165  1.000000 
 -0.002692  3  4.000000  0.021047  1.000000  211.000000  1.174165  -1.000000  40.000000  -0.010244  -1.000000 
 0.001942  3  4.000000  0.021047  1.000000  211.000000  1.174165  -1.000000  40.000000  -0.010244  1.000000 
 0.003107  2  20.000000  0.003054  -1.000000  69.000000  0.386646  -1.000000 
 -0.002004  2  20.000000  0.003054  -1.000000  69.000000  0.386646  1.000000 
 0.002461  2  20.000000  0.003054  1.000000  153.000000  1.780355  -1.000000 
 -0.001746  2  20.000000  0.003054  1.000000  153.000000  1.780355  1.000000 
 0.002073  2  1181.000000  0.134957  1.000000  3054.000000  0.288897  -1.000000 
 -0.003260  2  1181.000000  0.134957  1.000000  3054.000000  0.288897  1.000000 
 0.003023  2  1181.000000  0.134957  -1.000000  164.000000  -0.146196  -1.000000 
 -0.001867  2  1181.000000  0.134957  -1.000000  164.000000  -0.146196  1.000000 
 -0.001969  1  1214.000000  0.097165  1.000000 
 -0.002187  2  1214.000000  0.097165  -1.000000  3731.000000  0.199063  1.000000 
 0.002449  3  1214.000000  0.097165  -1.000000  3731.000000  0.199063  -1.000000  129.000000  0.002130  -1.000000 
 -0.001822  3  1214.000000  0.097165  -1.000000  3731.000000  0.199063  -1.000000  129.000000  0.002130  1.000000 
