 480
  0.039799  1  505.000000  0.924239  1.000000 
 0.039799  2  505.000000  0.924239  -1.000000  1905.000000  0.888603  1.000000 
 -0.007071  3  505.000000  0.924239  -1.000000  1905.000000  0.888603  -1.000000  124.000000  0.646324  -1.000000 
 0.039205  3  505.000000  0.924239  -1.000000  1905.000000  0.888603  -1.000000  124.000000  0.646324  1.000000 
 -0.004161  2  157.000000  944.190500  -1.000000  20.000000  0.004870  -1.000000 
 0.001515  2  157.000000  944.190500  -1.000000  20.000000  0.004870  1.000000 
 -0.001303  2  157.000000  944.190500  1.000000  3.000000  0.030711  -1.000000 
 0.003043  2  157.000000  944.190500  1.000000  3.000000  0.030711  1.000000 
 0.002801  2  120.000000  0.484673  -1.000000  118.000000  0.012487  -1.000000 
 -0.002495  2  120.000000  0.484673  -1.000000  118.000000  0.012487  1.000000 
 -0.003793  2  120.000000  0.484673  1.000000  162.000000  1.979020  -1.000000 
 0.002161  2  120.000000  0.484673  1.000000  162.000000  1.979020  1.000000 
 -0.003660  2  998.000000  0.032324  -1.000000  2951.000000  0.002501  -1.000000 
 0.001728  2  998.000000  0.032324  -1.000000  2951.000000  0.002501  1.000000 
 0.001030  2  998.000000  0.032324  1.000000  43.000000  -0.006979  -1.000000 
 -0.002443  2  998.000000  0.032324  1.000000  43.000000  -0.006979  1.000000 
 0.001713  2  1840.000000  0.055934  -1.000000  781.000000  0.061986  -1.000000 
 -0.001524  2  1840.000000  0.055934  -1.000000  781.000000  0.061986  1.000000 
 -0.002081  2  1840.000000  0.055934  1.000000  1638.000000  0.321294  -1.000000 
 0.001780  2  1840.000000  0.055934  1.000000  1638.000000  0.321294  1.000000 
 0.001687  2  2.000000  0.238823  1.000000  604.000000  0.117276  -1.000000 
 -0.001635  2  2.000000  0.238823  1.000000  604.000000  0.117276  1.000000 
 0.001542  2  2.000000  0.238823  -1.000000  36.000000  -0.010017  -1.000000 
 -0.003034  2  2.000000  0.238823  -1.000000  36.000000  -0.010017  1.000000 
 -0.001164  1  184.000000  0.056452  -1.000000 
 -0.002216  2  184.000000  0.056452  1.000000  143.000000  -4.830265  -1.000000 
 0.001990  3  184.000000  0.056452  1.000000  143.000000  -4.830265  1.000000  508.000000  0.156859  -1.000000 
 -0.002493  3  184.000000  0.056452  1.000000  143.000000  -4.830265  1.000000  508.000000  0.156859  1.000000 
 -0.002092  2  1025.000000  0.034314  -1.000000  3448.000000  0.000531  -1.000000 
 0.001659  2  1025.000000  0.034314  -1.000000  3448.000000  0.000531  1.000000 
 -0.001368  2  1025.000000  0.034314  1.000000  7.000000  1.315965  -1.000000 
 0.002335  2  1025.000000  0.034314  1.000000  7.000000  1.315965  1.000000 
 -0.001804  2  43.000000  -0.005064  1.000000  124.000000  0.510582  -1.000000 
 0.002142  2  43.000000  -0.005064  1.000000  124.000000  0.510582  1.000000 
 0.001649  2  43.000000  -0.005064  -1.000000  127.000000  0.274084  -1.000000 
 -0.004974  2  43.000000  -0.005064  -1.000000  127.000000  0.274084  1.000000 
 -0.001330  1  765.000000  0.091463  1.000000 
 -0.001735  2  765.000000  0.091463  -1.000000  1745.000000  0.003063  -1.000000 
 -0.001247  3  765.000000  0.091463  -1.000000  1745.000000  0.003063  1.000000  845.000000  0.006869  -1.000000 
 0.002051  3  765.000000  0.091463  -1.000000  1745.000000  0.003063  1.000000  845.000000  0.006869  1.000000 
 -0.001132  1  1989.000000  0.078792  1.000000 
 -0.001706  2  1989.000000  0.078792  -1.000000  820.000000  0.003726  -1.000000 
 0.001629  3  1989.000000  0.078792  -1.000000  820.000000  0.003726  1.000000  996.000000  0.086812  -1.000000 
 -0.001821  3  1989.000000  0.078792  -1.000000  820.000000  0.003726  1.000000  996.000000  0.086812  1.000000 
 0.001672  1  217.000000  4.318150  1.000000 
 0.001917  2  217.000000  4.318150  -1.000000  61.000000  -0.029180  -1.000000 
 -0.001650  3  217.000000  4.318150  -1.000000  61.000000  -0.029180  1.000000  3671.000000  0.436191  -1.000000 
 0.001701  3  217.000000  4.318150  -1.000000  61.000000  -0.029180  1.000000  3671.000000  0.436191  1.000000 
 -0.001324  1  42.000000  0.001646  -1.000000 
 -0.001783  2  42.000000  0.001646  1.000000  126.000000  0.817054  1.000000 
 -0.003571  3  42.000000  0.001646  1.000000  126.000000  0.817054  -1.000000  3695.000000  0.000115  -1.000000 
 0.001917  3  42.000000  0.001646  1.000000  126.000000  0.817054  -1.000000  3695.000000  0.000115  1.000000 
 -0.001226  2  944.000000  0.042603  1.000000  2419.000000  0.366580  -1.000000 
 0.002283  2  944.000000  0.042603  1.000000  2419.000000  0.366580  1.000000 
 0.002145  2  944.000000  0.042603  -1.000000  3032.000000  0.115990  -1.000000 
 -0.001604  2  944.000000  0.042603  -1.000000  3032.000000  0.115990  1.000000 
 -0.001203  1  576.000000  0.054811  1.000000 
 -0.002387  2  576.000000  0.054811  -1.000000  1627.000000  0.004972  -1.000000 
 -0.002501  3  576.000000  0.054811  -1.000000  1627.000000  0.004972  1.000000  179.000000  141.925500  -1.000000 
 0.001546  3  576.000000  0.054811  -1.000000  1627.000000  0.004972  1.000000  179.000000  141.925500  1.000000 
 -0.001302  1  1699.000000  0.170705  1.000000 
 -0.001612  2  1699.000000  0.170705  -1.000000  1249.000000  0.090371  1.000000 
 0.001620  3  1699.000000  0.170705  -1.000000  1249.000000  0.090371  -1.000000  2567.000000  0.238888  -1.000000 
 -0.002803  3  1699.000000  0.170705  -1.000000  1249.000000  0.090371  -1.000000  2567.000000  0.238888  1.000000 
 -0.001276  1  5.000000  15.389350  -1.000000 
 -0.001818  2  5.000000  15.389350  1.000000  1087.000000  0.106534  1.000000 
 -0.005827  3  5.000000  15.389350  1.000000  1087.000000  0.106534  -1.000000  3815.000000  -0.049172  -1.000000 
 0.001549  3  5.000000  15.389350  1.000000  1087.000000  0.106534  -1.000000  3815.000000  -0.049172  1.000000 
 -0.001895  2  1738.000000  0.058554  -1.000000  1473.000000  0.000016  -1.000000 
 0.001363  2  1738.000000  0.058554  -1.000000  1473.000000  0.000016  1.000000 
 -0.001767  2  1738.000000  0.058554  1.000000  1227.000000  0.247774  -1.000000 
 0.001781  2  1738.000000  0.058554  1.000000  1227.000000  0.247774  1.000000 
 -0.001969  2  128.000000  0.002179  -1.000000  2700.000000  0.001642  -1.000000 
 0.001416  2  128.000000  0.002179  -1.000000  2700.000000  0.001642  1.000000 
 -0.001755  2  128.000000  0.002179  1.000000  555.000000  0.382225  -1.000000 
 0.001864  2  128.000000  0.002179  1.000000  555.000000  0.382225  1.000000 
 0.001627  2  715.000000  0.034609  -1.000000  26.000000  -0.000730  -1.000000 
 -0.001010  2  715.000000  0.034609  -1.000000  26.000000  -0.000730  1.000000 
 -0.001510  2  715.000000  0.034609  1.000000  3764.000000  0.274231  -1.000000 
 0.002775  2  715.000000  0.034609  1.000000  3764.000000  0.274231  1.000000 
 0.001466  2  2204.000000  0.183269  1.000000  507.000000  0.191185  -1.000000 
 -0.002314  2  2204.000000  0.183269  1.000000  507.000000  0.191185  1.000000 
 -0.001276  2  2204.000000  0.183269  -1.000000  7.000000  1.569455  -1.000000 
 0.001995  2  2204.000000  0.183269  -1.000000  7.000000  1.569455  1.000000 
 0.001701  2  8.000000  1.158440  -1.000000  45.000000  -0.039200  -1.000000 
 -0.001405  2  8.000000  1.158440  -1.000000  45.000000  -0.039200  1.000000 
 -0.001246  2  8.000000  1.158440  1.000000  2151.000000  0.054527  -1.000000 
 0.001627  2  8.000000  1.158440  1.000000  2151.000000  0.054527  1.000000 
 0.001451  2  710.000000  0.086438  -1.000000  1043.000000  0.074731  -1.000000 
 -0.001356  2  710.000000  0.086438  -1.000000  1043.000000  0.074731  1.000000 
 -0.002702  2  710.000000  0.086438  1.000000  307.000000  0.222429  -1.000000 
 0.002088  2  710.000000  0.086438  1.000000  307.000000  0.222429  1.000000 
 -0.002872  2  38.000000  -0.005574  -1.000000  3172.000000  0.000364  -1.000000 
 0.001335  2  38.000000  -0.005574  -1.000000  3172.000000  0.000364  1.000000 
 -0.001331  2  38.000000  -0.005574  1.000000  2467.000000  0.306003  -1.000000 
 0.002137  2  38.000000  -0.005574  1.000000  2467.000000  0.306003  1.000000 
 0.001287  2  1684.000000  0.055711  -1.000000  886.000000  0.102637  -1.000000 
 -0.001156  2  1684.000000  0.055711  -1.000000  886.000000  0.102637  1.000000 
 0.001620  2  1684.000000  0.055711  1.000000  11.000000  -0.001454  -1.000000 
 -0.001662  2  1684.000000  0.055711  1.000000  11.000000  -0.001454  1.000000 
 -0.001305  1  2.000000  0.240430  -1.000000 
 -0.002805  2  2.000000  0.240430  1.000000  126.000000  0.817292  1.000000 
 0.001417  3  2.000000  0.240430  1.000000  126.000000  0.817292  -1.000000  1320.000000  0.119273  -1.000000 
 -0.001966  3  2.000000  0.240430  1.000000  126.000000  0.817292  -1.000000  1320.000000  0.119273  1.000000 
 -0.003313  2  1124.000000  0.094897  -1.000000  1418.000000  0.014606  -1.000000 
 0.001219  2  1124.000000  0.094897  -1.000000  1418.000000  0.014606  1.000000 
 -0.002187  2  1124.000000  0.094897  1.000000  2833.000000  0.160813  -1.000000 
 0.001159  2  1124.000000  0.094897  1.000000  2833.000000  0.160813  1.000000 
 -0.001688  2  557.000000  0.064941  -1.000000  2589.000000  0.001197  -1.000000 
 0.001139  2  557.000000  0.064941  -1.000000  2589.000000  0.001197  1.000000 
 -0.001998  2  557.000000  0.064941  1.000000  1463.000000  0.279054  -1.000000 
 0.002278  2  557.000000  0.064941  1.000000  1463.000000  0.279054  1.000000 
 -0.001516  2  1093.000000  0.054615  -1.000000  3379.000000  0.000311  -1.000000 
 0.001655  2  1093.000000  0.054615  -1.000000  3379.000000  0.000311  1.000000 
 -0.001899  2  1093.000000  0.054615  1.000000  2268.000000  0.186895  -1.000000 
 0.000731  2  1093.000000  0.054615  1.000000  2268.000000  0.186895  1.000000 
 0.002722  2  1620.000000  0.125129  1.000000  62.000000  -0.033517  -1.000000 
 -0.001499  2  1620.000000  0.125129  1.000000  62.000000  -0.033517  1.000000 
 -0.005690  2  1620.000000  0.125129  -1.000000  1.000000  0.002127  -1.000000 
 0.001357  2  1620.000000  0.125129  -1.000000  1.000000  0.002127  1.000000 
 0.001201  2  1508.000000  0.086601  -1.000000  2017.000000  0.121447  -1.000000 
 -0.001170  2  1508.000000  0.086601  -1.000000  2017.000000  0.121447  1.000000 
 -0.002118  2  1508.000000  0.086601  1.000000  2244.000000  0.259057  -1.000000 
 0.002482  2  1508.000000  0.086601  1.000000  2244.000000  0.259057  1.000000 
 -0.001652  2  428.000000  0.081221  -1.000000  2987.000000  0.000312  -1.000000 
 0.001174  2  428.000000  0.081221  -1.000000  2987.000000  0.000312  1.000000 
 -0.002396  2  428.000000  0.081221  1.000000  2160.000000  0.176741  -1.000000 
 0.001045  2  428.000000  0.081221  1.000000  2160.000000  0.176741  1.000000 
 -0.001002  1  1236.000000  0.179245  1.000000 
 -0.002424  2  1236.000000  0.179245  -1.000000  1300.000000  0.136871  1.000000 
 0.001746  3  1236.000000  0.179245  -1.000000  1300.000000  0.136871  -1.000000  2109.000000  0.145298  -1.000000 
 -0.001548  3  1236.000000  0.179245  -1.000000  1300.000000  0.136871  -1.000000  2109.000000  0.145298  1.000000 
 -0.001522  1  42.000000  0.000749  -1.000000 
 0.001348  2  42.000000  0.000749  1.000000  44.000000  -0.000663  -1.000000 
 -0.002285  3  42.000000  0.000749  1.000000  44.000000  -0.000663  1.000000  2501.000000  0.139344  -1.000000 
 0.001283  3  42.000000  0.000749  1.000000  44.000000  -0.000663  1.000000  2501.000000  0.139344  1.000000 
 -0.001296  2  1194.000000  0.051233  1.000000  2205.000000  0.466001  -1.000000 
 0.002393  2  1194.000000  0.051233  1.000000  2205.000000  0.466001  1.000000 
 -0.001707  2  1194.000000  0.051233  -1.000000  3198.000000  0.015140  -1.000000 
 0.001940  2  1194.000000  0.051233  -1.000000  3198.000000  0.015140  1.000000 
 -0.001206  1  180.000000  -209.244000  1.000000 
 -0.001828  2  180.000000  -209.244000  -1.000000  1849.000000  0.128097  1.000000 
 0.002007  3  180.000000  -209.244000  -1.000000  1849.000000  0.128097  -1.000000  3827.000000  0.115002  -1.000000 
 -0.001477  3  180.000000  -209.244000  -1.000000  1849.000000  0.128097  -1.000000  3827.000000  0.115002  1.000000 
 0.001660  2  1.000000  0.005810  -1.000000  1168.000000  0.000001  -1.000000 
 -0.001658  2  1.000000  0.005810  -1.000000  1168.000000  0.000001  1.000000 
 -0.001779  2  1.000000  0.005810  1.000000  9.000000  0.978488  -1.000000 
 0.001194  2  1.000000  0.005810  1.000000  9.000000  0.978488  1.000000 
 -0.000996  1  562.000000  0.049524  1.000000 
 -0.002353  2  562.000000  0.049524  -1.000000  3165.000000  0.001077  -1.000000 
 0.001846  3  562.000000  0.049524  -1.000000  3165.000000  0.001077  1.000000  1746.000000  0.116838  -1.000000 
 -0.001713  3  562.000000  0.049524  -1.000000  3165.000000  0.001077  1.000000  1746.000000  0.116838  1.000000 
 0.001399  2  1620.000000  0.136777  -1.000000  1107.000000  0.112785  -1.000000 
 -0.001513  2  1620.000000  0.136777  -1.000000  1107.000000  0.112785  1.000000 
 0.000653  2  1620.000000  0.136777  1.000000  1614.000000  0.033177  -1.000000 
 -0.002315  2  1620.000000  0.136777  1.000000  1614.000000  0.033177  1.000000 
 0.001660  2  95.000000  0.466494  1.000000  847.000000  0.049477  -1.000000 
 -0.000991  2  95.000000  0.466494  1.000000  847.000000  0.049477  1.000000 
 -0.001602  2  95.000000  0.466494  -1.000000  187.000000  0.522995  -1.000000 
 0.001569  2  95.000000  0.466494  -1.000000  187.000000  0.522995  1.000000 
 -0.002178  2  42.000000  0.002427  1.000000  3805.000000  -0.179559  -1.000000 
 0.001403  2  42.000000  0.002427  1.000000  3805.000000  -0.179559  1.000000 
 -0.001378  2  42.000000  0.002427  -1.000000  3198.000000  0.335029  -1.000000 
 0.002397  2  42.000000  0.002427  -1.000000  3198.000000  0.335029  1.000000 
 0.001208  2  998.000000  0.036791  -1.000000  2246.000000  0.175331  -1.000000 
 -0.001823  2  998.000000  0.036791  -1.000000  2246.000000  0.175331  1.000000 
 -0.001555  2  998.000000  0.036791  1.000000  1652.000000  0.296664  -1.000000 
 0.002284  2  998.000000  0.036791  1.000000  1652.000000  0.296664  1.000000 
 0.001496  2  555.000000  0.166835  1.000000  2077.000000  0.159736  -1.000000 
 -0.001303  2  555.000000  0.166835  1.000000  2077.000000  0.159736  1.000000 
 -0.001329  2  555.000000  0.166835  -1.000000  3090.000000  0.190100  -1.000000 
 0.001367  2  555.000000  0.166835  -1.000000  3090.000000  0.190100  1.000000 
 -0.001386  1  3.000000  0.036296  -1.000000 
 -0.003597  2  3.000000  0.036296  1.000000  201.000000  0.024349  -1.000000 
 0.001378  3  3.000000  0.036296  1.000000  201.000000  0.024349  1.000000  507.000000  0.177058  -1.000000 
 -0.001336  3  3.000000  0.036296  1.000000  201.000000  0.024349  1.000000  507.000000  0.177058  1.000000 
 -0.002121  2  1840.000000  0.049176  -1.000000  1365.000000  0.007104  -1.000000 
 0.001522  2  1840.000000  0.049176  -1.000000  1365.000000  0.007104  1.000000 
 0.001402  2  1840.000000  0.049176  1.000000  63.000000  -0.024079  -1.000000 
 -0.001657  2  1840.000000  0.049176  1.000000  63.000000  -0.024079  1.000000 
 -0.001544  1  2777.000000  0.000194  -1.000000 
 -0.001499  2  2777.000000  0.000194  1.000000  2799.000000  0.101011  1.000000 
 0.001719  3  2777.000000  0.000194  1.000000  2799.000000  0.101011  -1.000000  2431.000000  0.170303  -1.000000 
 -0.001171  3  2777.000000  0.000194  1.000000  2799.000000  0.101011  -1.000000  2431.000000  0.170303  1.000000 
 -0.001900  2  43.000000  -0.004530  1.000000  40.000000  0.000325  -1.000000 
 0.002243  2  43.000000  -0.004530  1.000000  40.000000  0.000325  1.000000 
 0.001530  2  43.000000  -0.004530  -1.000000  2112.000000  0.140556  -1.000000 
 -0.000915  2  43.000000  -0.004530  -1.000000  2112.000000  0.140556  1.000000 
 -0.001075  1  578.000000  0.041545  1.000000 
 -0.001409  2  578.000000  0.041545  -1.000000  571.000000  0.003489  -1.000000 
 0.001857  3  578.000000  0.041545  -1.000000  571.000000  0.003489  1.000000  20.000000  0.012595  -1.000000 
 -0.003233  3  578.000000  0.041545  -1.000000  571.000000  0.003489  1.000000  20.000000  0.012595  1.000000 
 0.002742  2  3.000000  0.046258  -1.000000  21.000000  -0.002437  -1.000000 
 -0.001434  2  3.000000  0.046258  -1.000000  21.000000  -0.002437  1.000000 
 0.001360  2  3.000000  0.046258  1.000000  1431.000000  0.099604  -1.000000 
 -0.000972  2  3.000000  0.046258  1.000000  1431.000000  0.099604  1.000000 
 0.001156  2  2715.000000  0.028344  1.000000  936.000000  0.038550  -1.000000 
 -0.001770  2  2715.000000  0.028344  1.000000  936.000000  0.038550  1.000000 
 -0.001010  2  2715.000000  0.028344  -1.000000  3663.000000  0.002679  -1.000000 
 0.001680  2  2715.000000  0.028344  -1.000000  3663.000000  0.002679  1.000000 
 -0.001070  1  1193.000000  0.112010  1.000000 
 -0.001846  2  1193.000000  0.112010  -1.000000  950.000000  0.000398  -1.000000 
 0.001353  3  1193.000000  0.112010  -1.000000  950.000000  0.000398  1.000000  1635.000000  0.217779  -1.000000 
 -0.002144  3  1193.000000  0.112010  -1.000000  950.000000  0.000398  1.000000  1635.000000  0.217779  1.000000 
 -0.001229  1  3207.000000  0.010349  -1.000000 
 0.001218  2  3207.000000  0.010349  1.000000  568.000000  0.054399  -1.000000 
 0.001996  3  3207.000000  0.010349  1.000000  568.000000  0.054399  1.000000  79.000000  0.453762  -1.000000 
 -0.002764  3  3207.000000  0.010349  1.000000  568.000000  0.054399  1.000000  79.000000  0.453762  1.000000 
 0.001406  2  177.000000  191.654500  1.000000  339.000000  0.482642  -1.000000 
 -0.001694  2  177.000000  191.654500  1.000000  339.000000  0.482642  1.000000 
 0.002330  2  177.000000  191.654500  -1.000000  120.000000  0.394653  -1.000000 
 -0.002295  2  177.000000  191.654500  -1.000000  120.000000  0.394653  1.000000 
 -0.001381  2  999.000000  0.041876  -1.000000  2474.000000  0.015797  -1.000000 
 0.001524  2  999.000000  0.041876  -1.000000  2474.000000  0.015797  1.000000 
 -0.001402  2  999.000000  0.041876  1.000000  3232.000000  0.217026  -1.000000 
 0.001361  2  999.000000  0.041876  1.000000  3232.000000  0.217026  1.000000 
 -0.002292  2  712.000000  0.056823  -1.000000  3278.000000  0.000039  -1.000000 
 0.001570  2  712.000000  0.056823  -1.000000  3278.000000  0.000039  1.000000 
 -0.001649  2  712.000000  0.056823  1.000000  193.000000  0.247902  -1.000000 
 0.001183  2  712.000000  0.056823  1.000000  193.000000  0.247902  1.000000 
 0.001086  2  1302.000000  0.038132  1.000000  40.000000  -0.007776  -1.000000 
 -0.001755  2  1302.000000  0.038132  1.000000  40.000000  -0.007776  1.000000 
 -0.001512  2  1302.000000  0.038132  -1.000000  2542.000000  0.048517  -1.000000 
 0.001522  2  1302.000000  0.038132  -1.000000  2542.000000  0.048517  1.000000 
 -0.000953  1  98.000000  0.469954  -1.000000 
 -0.001440  2  98.000000  0.469954  1.000000  3797.000000  -0.180100  -1.000000 
 -0.001691  3  98.000000  0.469954  1.000000  3797.000000  -0.180100  1.000000  3.000000  0.036288  -1.000000 
 0.002619  3  98.000000  0.469954  1.000000  3797.000000  -0.180100  1.000000  3.000000  0.036288  1.000000 
 -0.001291  2  908.000000  0.062559  1.000000  1749.000000  0.439345  -1.000000 
 0.003475  2  908.000000  0.062559  1.000000  1749.000000  0.439345  1.000000 
 -0.000887  2  908.000000  0.062559  -1.000000  117.000000  0.077055  -1.000000 
 0.001976  2  908.000000  0.062559  -1.000000  117.000000  0.077055  1.000000 
 0.001746  2  67.000000  0.022409  -1.000000  1268.000000  0.085371  -1.000000 
 -0.001122  2  67.000000  0.022409  -1.000000  1268.000000  0.085371  1.000000 
 -0.001482  2  67.000000  0.022409  1.000000  1733.000000  0.548243  -1.000000 
 0.003406  2  67.000000  0.022409  1.000000  1733.000000  0.548243  1.000000 
 0.001772  2  3320.000000  0.103049  -1.000000  61.000000  -0.041011  -1.000000 
 -0.001479  2  3320.000000  0.103049  -1.000000  61.000000  -0.041011  1.000000 
 -0.002501  2  3320.000000  0.103049  1.000000  1512.000000  0.005717  -1.000000 
 0.001196  2  3320.000000  0.103049  1.000000  1512.000000  0.005717  1.000000 
 -0.001073  1  2770.000000  0.078598  1.000000 
 -0.001510  2  2770.000000  0.078598  -1.000000  956.000000  0.005985  -1.000000 
 0.002044  3  2770.000000  0.078598  -1.000000  956.000000  0.005985  1.000000  2143.000000  0.145794  -1.000000 
 -0.001837  3  2770.000000  0.078598  -1.000000  956.000000  0.005985  1.000000  2143.000000  0.145794  1.000000 
 -0.001397  1  2751.000000  0.089176  1.000000 
 -0.002075  2  2751.000000  0.089176  -1.000000  706.000000  0.101452  1.000000 
 -0.000816  3  2751.000000  0.089176  -1.000000  706.000000  0.101452  -1.000000  3405.000000  0.000082  -1.000000 
 0.001529  3  2751.000000  0.089176  -1.000000  706.000000  0.101452  -1.000000  3405.000000  0.000082  1.000000 
 -0.001088  1  1392.000000  0.081970  1.000000 
 -0.001080  2  1392.000000  0.081970  -1.000000  1.000000  0.004268  -1.000000 
 0.001909  3  1392.000000  0.081970  -1.000000  1.000000  0.004268  1.000000  3133.000000  0.354913  -1.000000 
 -0.001587  3  1392.000000  0.081970  -1.000000  1.000000  0.004268  1.000000  3133.000000  0.354913  1.000000 
 -0.001039  2  1198.000000  0.089145  -1.000000  189.000000  -0.102614  -1.000000 
 0.001753  2  1198.000000  0.089145  -1.000000  189.000000  -0.102614  1.000000 
 -0.001391  2  1198.000000  0.089145  1.000000  769.000000  0.189624  -1.000000 
 0.001432  2  1198.000000  0.089145  1.000000  769.000000  0.189624  1.000000 
 0.001247  2  403.000000  0.186649  1.000000  1107.000000  0.140501  -1.000000 
 -0.001296  2  403.000000  0.186649  1.000000  1107.000000  0.140501  1.000000 
 -0.001890  2  403.000000  0.186649  -1.000000  150.000000  320.135500  -1.000000 
 0.000741  2  403.000000  0.186649  -1.000000  150.000000  320.135500  1.000000 
 0.001700  2  2344.000000  0.106552  -1.000000  36.000000  -0.004738  -1.000000 
 -0.000710  2  2344.000000  0.106552  -1.000000  36.000000  -0.004738  1.000000 
 0.001868  2  2344.000000  0.106552  1.000000  62.000000  -0.033525  -1.000000 
 -0.001440  2  2344.000000  0.106552  1.000000  62.000000  -0.033525  1.000000 
 -0.001448  2  999.000000  0.069322  -1.000000  878.000000  0.022230  -1.000000 
 0.001278  2  999.000000  0.069322  -1.000000  878.000000  0.022230  1.000000 
 -0.002228  2  999.000000  0.069322  1.000000  3004.000000  0.170192  -1.000000 
 0.001382  2  999.000000  0.069322  1.000000  3004.000000  0.170192  1.000000 
 0.001428  1  99.000000  0.507014  1.000000 
 0.002090  2  99.000000  0.507014  -1.000000  7.000000  1.278700  1.000000 
 -0.001409  3  99.000000  0.507014  -1.000000  7.000000  1.278700  -1.000000  3347.000000  0.349888  -1.000000 
 0.002568  3  99.000000  0.507014  -1.000000  7.000000  1.278700  -1.000000  3347.000000  0.349888  1.000000 
 0.001363  2  2473.000000  0.094044  1.000000  164.000000  0.118893  -1.000000 
 -0.001600  2  2473.000000  0.094044  1.000000  164.000000  0.118893  1.000000 
 -0.001583  2  2473.000000  0.094044  -1.000000  1404.000000  0.235778  -1.000000 
 0.001166  2  2473.000000  0.094044  -1.000000  1404.000000  0.235778  1.000000 
 -0.001645  2  662.000000  0.041286  1.000000  1011.000000  0.488598  -1.000000 
 0.002474  2  662.000000  0.041286  1.000000  1011.000000  0.488598  1.000000 
 0.001469  2  662.000000  0.041286  -1.000000  27.000000  -0.000125  -1.000000 
 -0.000973  2  662.000000  0.041286  -1.000000  27.000000  -0.000125  1.000000 
 -0.001553  2  143.000000  -4.236960  -1.000000  3191.000000  0.132310  -1.000000 
 0.000826  2  143.000000  -4.236960  -1.000000  3191.000000  0.132310  1.000000 
 -0.001170  2  143.000000  -4.236960  1.000000  2700.000000  0.001642  -1.000000 
 0.001533  2  143.000000  -4.236960  1.000000  2700.000000  0.001642  1.000000 
 -0.001238  2  1984.000000  0.044783  1.000000  911.000000  0.265065  -1.000000 
 0.002047  2  1984.000000  0.044783  1.000000  911.000000  0.265065  1.000000 
 -0.001614  2  1984.000000  0.044783  -1.000000  8.000000  1.097090  -1.000000 
 0.001532  2  1984.000000  0.044783  -1.000000  8.000000  1.097090  1.000000 
 0.001383  2  1652.000000  0.064258  1.000000  575.000000  0.072795  -1.000000 
 -0.001150  2  1652.000000  0.064258  1.000000  575.000000  0.072795  1.000000 
 -0.001974  2  1652.000000  0.064258  -1.000000  2928.000000  0.197301  -1.000000 
 0.001249  2  1652.000000  0.064258  -1.000000  2928.000000  0.197301  1.000000 
 -0.001579  2  1638.000000  0.091134  1.000000  1638.000000  0.310199  -1.000000 
 0.001605  2  1638.000000  0.091134  1.000000  1638.000000  0.310199  1.000000 
 0.001352  2  1638.000000  0.091134  -1.000000  502.000000  0.133958  -1.000000 
 -0.001170  2  1638.000000  0.091134  -1.000000  502.000000  0.133958  1.000000 
 -0.001763  2  38.000000  -0.005574  1.000000  106.000000  0.540555  -1.000000 
 0.001043  2  38.000000  -0.005574  1.000000  106.000000  0.540555  1.000000 
 -0.001315  2  38.000000  -0.005574  -1.000000  177.000000  140.016000  -1.000000 
 0.001783  2  38.000000  -0.005574  -1.000000  177.000000  140.016000  1.000000 
 0.001207  1  555.000000  0.235835  1.000000 
 0.002620  2  555.000000  0.235835  -1.000000  1539.000000  0.414559  1.000000 
 -0.001583  3  555.000000  0.235835  -1.000000  1539.000000  0.414559  -1.000000  3017.000000  0.368988  -1.000000 
 0.001962  3  555.000000  0.235835  -1.000000  1539.000000  0.414559  -1.000000  3017.000000  0.368988  1.000000 
 -0.001280  1  5.000000  15.513000  -1.000000 
 -0.001361  2  5.000000  15.513000  1.000000  164.000000  -0.040209  -1.000000 
 0.001685  3  5.000000  15.513000  1.000000  164.000000  -0.040209  1.000000  828.000000  0.119704  -1.000000 
 -0.002373  3  5.000000  15.513000  1.000000  164.000000  -0.040209  1.000000  828.000000  0.119704  1.000000 
 -0.001237  2  979.000000  0.027101  1.000000  867.000000  0.352847  -1.000000 
 0.002525  2  979.000000  0.027101  1.000000  867.000000  0.352847  1.000000 
 -0.001340  2  979.000000  0.027101  -1.000000  1460.000000  0.020582  -1.000000 
 0.001945  2  979.000000  0.027101  -1.000000  1460.000000  0.020582  1.000000 
 0.001134  2  1609.000000  0.048896  -1.000000  997.000000  0.125516  -1.000000 
 -0.002883  2  1609.000000  0.048896  -1.000000  997.000000  0.125516  1.000000 
 -0.001618  2  1609.000000  0.048896  1.000000  2966.000000  0.214097  -1.000000 
 0.001106  2  1609.000000  0.048896  1.000000  2966.000000  0.214097  1.000000 
 -0.001951  2  595.000000  0.023062  -1.000000  1148.000000  0.026868  -1.000000 
 0.001244  2  595.000000  0.023062  -1.000000  1148.000000  0.026868  1.000000 
 -0.001743  2  595.000000  0.023062  1.000000  363.000000  0.154172  -1.000000 
 0.000948  2  595.000000  0.023062  1.000000  363.000000  0.154172  1.000000 
 -0.001684  2  1166.000000  0.095521  -1.000000  3211.000000  0.001883  -1.000000 
 0.001350  2  1166.000000  0.095521  -1.000000  3211.000000  0.001883  1.000000 
 0.001742  2  1166.000000  0.095521  1.000000  71.000000  0.396173  -1.000000 
 -0.001496  2  1166.000000  0.095521  1.000000  71.000000  0.396173  1.000000 
 -0.001584  2  1503.000000  0.050081  1.000000  469.000000  0.528439  -1.000000 
 0.004239  2  1503.000000  0.050081  1.000000  469.000000  0.528439  1.000000 
 -0.001251  2  1503.000000  0.050081  -1.000000  848.000000  0.002017  -1.000000 
 0.001328  2  1503.000000  0.050081  -1.000000  848.000000  0.002017  1.000000 
 -0.001752  2  33.000000  -0.001342  1.000000  834.000000  0.169398  -1.000000 
 0.001640  2  33.000000  -0.001342  1.000000  834.000000  0.169398  1.000000 
 -0.002399  2  33.000000  -0.001342  -1.000000  126.000000  0.145294  -1.000000 
 0.001507  2  33.000000  -0.001342  -1.000000  126.000000  0.145294  1.000000 
 -0.001421  1  1989.000000  0.080620  1.000000 
 -0.001844  2  1989.000000  0.080620  -1.000000  1095.000000  0.131377  1.000000 
 0.001496  3  1989.000000  0.080620  -1.000000  1095.000000  0.131377  -1.000000  735.000000  0.082573  -1.000000 
 -0.002785  3  1989.000000  0.080620  -1.000000  1095.000000  0.131377  -1.000000  735.000000  0.082573  1.000000 
 -0.001236  1  42.000000  0.001558  -1.000000 
 -0.002522  2  42.000000  0.001558  1.000000  1500.000000  0.000526  -1.000000 
 -0.002228  3  42.000000  0.001558  1.000000  1500.000000  0.000526  1.000000  201.000000  0.008432  -1.000000 
 0.001576  3  42.000000  0.001558  1.000000  1500.000000  0.000526  1.000000  201.000000  0.008432  1.000000 
 0.001068  2  64.000000  0.037550  1.000000  999.000000  0.015108  -1.000000 
 -0.001973  2  64.000000  0.037550  1.000000  999.000000  0.015108  1.000000 
 0.001294  2  64.000000  0.037550  -1.000000  1087.000000  0.106181  -1.000000 
 -0.001646  2  64.000000  0.037550  -1.000000  1087.000000  0.106181  1.000000 
 0.000968  1  113.000000  0.493076  1.000000 
 0.003117  2  113.000000  0.493076  -1.000000  3186.000000  0.251742  1.000000 
 -0.001852  3  113.000000  0.493076  -1.000000  3186.000000  0.251742  -1.000000  2269.000000  0.248455  -1.000000 
 0.000926  3  113.000000  0.493076  -1.000000  3186.000000  0.251742  -1.000000  2269.000000  0.248455  1.000000 
 0.001632  1  62.000000  -0.009128  -1.000000 
 0.001000  2  62.000000  -0.009128  1.000000  3328.000000  0.172896  1.000000 
 -0.001656  3  62.000000  -0.009128  1.000000  3328.000000  0.172896  -1.000000  2367.000000  0.256620  -1.000000 
 0.001722  3  62.000000  -0.009128  1.000000  3328.000000  0.172896  -1.000000  2367.000000  0.256620  1.000000 
 -0.001505  2  128.000000  0.001196  -1.000000  3437.000000  0.000452  -1.000000 
 0.001415  2  128.000000  0.001196  -1.000000  3437.000000  0.000452  1.000000 
 -0.001975  2  128.000000  0.001196  1.000000  2727.000000  0.295564  -1.000000 
 0.001299  2  128.000000  0.001196  1.000000  2727.000000  0.295564  1.000000 
 -0.001357  1  43.000000  -0.003486  1.000000 
 -0.002890  2  43.000000  -0.003486  -1.000000  917.000000  0.000000  -1.000000 
 0.001439  3  43.000000  -0.003486  -1.000000  917.000000  0.000000  1.000000  542.000000  0.150682  -1.000000 
 -0.002011  3  43.000000  -0.003486  -1.000000  917.000000  0.000000  1.000000  542.000000  0.150682  1.000000 
 0.001492  2  751.000000  0.051979  -1.000000  1941.000000  0.252982  -1.000000 
 -0.001394  2  751.000000  0.051979  -1.000000  1941.000000  0.252982  1.000000 
 -0.001753  2  751.000000  0.051979  1.000000  433.000000  0.236102  -1.000000 
 0.001495  2  751.000000  0.051979  1.000000  433.000000  0.236102  1.000000 
 -0.001820  2  781.000000  0.047399  -1.000000  1.000000  0.002834  -1.000000 
 0.001337  2  781.000000  0.047399  -1.000000  1.000000  0.002834  1.000000 
 -0.001730  2  781.000000  0.047399  1.000000  3008.000000  0.398687  -1.000000 
 0.002172  2  781.000000  0.047399  1.000000  3008.000000  0.398687  1.000000 
 0.001084  2  3169.000000  0.029085  1.000000  56.000000  -0.019849  -1.000000 
 -0.001218  2  3169.000000  0.029085  1.000000  56.000000  -0.019849  1.000000 
 -0.003627  2  3169.000000  0.029085  -1.000000  912.000000  0.005409  -1.000000 
 0.001954  2  3169.000000  0.029085  -1.000000  912.000000  0.005409  1.000000 
 -0.001074  1  3227.000000  0.009476  -1.000000 
 -0.001169  2  3227.000000  0.009476  1.000000  1392.000000  0.103350  1.000000 
 0.001969  3  3227.000000  0.009476  1.000000  1392.000000  0.103350  -1.000000  1493.000000  0.140273  -1.000000 
 -0.002103  3  3227.000000  0.009476  1.000000  1392.000000  0.103350  -1.000000  1493.000000  0.140273  1.000000 
 0.001169  2  1719.000000  0.050526  -1.000000  710.000000  0.086457  -1.000000 
 -0.001578  2  1719.000000  0.050526  -1.000000  710.000000  0.086457  1.000000 
 -0.001549  2  1719.000000  0.050526  1.000000  3250.000000  0.244739  -1.000000 
 0.001653  2  1719.000000  0.050526  1.000000  3250.000000  0.244739  1.000000 
 -0.002330  2  1493.000000  0.016639  1.000000  2572.000000  0.000108  -1.000000 
 0.001190  2  1493.000000  0.016639  1.000000  2572.000000  0.000108  1.000000 
 -0.001323  2  1493.000000  0.016639  -1.000000  303.000000  0.532790  -1.000000 
 0.003900  2  1493.000000  0.016639  -1.000000  303.000000  0.532790  1.000000 
 -0.001227  2  2800.000000  0.045338  -1.000000  3423.000000  0.000080  -1.000000 
 0.001407  2  2800.000000  0.045338  -1.000000  3423.000000  0.000080  1.000000 
 -0.001426  2  2800.000000  0.045338  1.000000  3233.000000  0.321804  -1.000000 
 0.002035  2  2800.000000  0.045338  1.000000  3233.000000  0.321804  1.000000 
 -0.001115  1  43.000000  -0.003885  1.000000 
 0.001449  2  43.000000  -0.003885  -1.000000  1667.000000  0.085203  -1.000000 
 0.002140  3  43.000000  -0.003885  -1.000000  1667.000000  0.085203  1.000000  47.000000  -0.018206  -1.000000 
 -0.002447  3  43.000000  -0.003885  -1.000000  1667.000000  0.085203  1.000000  47.000000  -0.018206  1.000000 
 0.001161  2  5.000000  17.791500  -1.000000  1862.000000  0.049776  -1.000000 
 -0.001809  2  5.000000  17.791500  -1.000000  1862.000000  0.049776  1.000000 
 0.001579  2  5.000000  17.791500  1.000000  2634.000000  0.123871  -1.000000 
 -0.000958  2  5.000000  17.791500  1.000000  2634.000000  0.123871  1.000000 
 -0.001352  2  998.000000  0.036791  -1.000000  2764.000000  0.000058  -1.000000 
 0.001344  2  998.000000  0.036791  -1.000000  2764.000000  0.000058  1.000000 
 -0.001530  2  998.000000  0.036791  1.000000  1794.000000  0.447665  -1.000000 
 0.007017  2  998.000000  0.036791  1.000000  1794.000000  0.447665  1.000000 
 -0.001234  2  8.000000  1.147025  1.000000  143.000000  -4.858920  -1.000000 
 0.001462  2  8.000000  1.147025  1.000000  143.000000  -4.858920  1.000000 
 0.001304  2  8.000000  1.147025  -1.000000  26.000000  -0.004984  -1.000000 
 -0.001797  2  8.000000  1.147025  -1.000000  26.000000  -0.004984  1.000000 
 -0.001978  2  120.000000  0.509119  -1.000000  2616.000000  0.290856  -1.000000 
 0.001507  2  120.000000  0.509119  -1.000000  2616.000000  0.290856  1.000000 
 -0.001223  2  120.000000  0.509119  1.000000  1747.000000  0.003180  -1.000000 
 0.001483  2  120.000000  0.509119  1.000000  1747.000000  0.003180  1.000000 
 0.001254  2  3255.000000  0.139785  -1.000000  781.000000  0.063674  -1.000000 
 -0.001468  2  3255.000000  0.139785  -1.000000  781.000000  0.063674  1.000000 
 -0.001581  2  3255.000000  0.139785  1.000000  3188.000000  0.165583  -1.000000 
 0.001492  2  3255.000000  0.139785  1.000000  3188.000000  0.165583  1.000000 
 0.001373  2  2493.000000  0.142616  1.000000  500.000000  0.161363  -1.000000 
 -0.002632  2  2493.000000  0.142616  1.000000  500.000000  0.161363  1.000000 
 0.002020  2  2493.000000  0.142616  -1.000000  118.000000  0.010250  -1.000000 
 -0.001326  2  2493.000000  0.142616  -1.000000  118.000000  0.010250  1.000000 
 -0.001211  1  2117.000000  0.110311  1.000000 
 -0.001512  2  2117.000000  0.110311  -1.000000  3780.000000  0.009770  -1.000000 
 0.001716  3  2117.000000  0.110311  -1.000000  3780.000000  0.009770  1.000000  2528.000000  0.146848  -1.000000 
 -0.001233  3  2117.000000  0.110311  -1.000000  3780.000000  0.009770  1.000000  2528.000000  0.146848  1.000000 
 0.001254  2  3707.000000  0.120571  -1.000000  436.000000  0.116725  -1.000000 
 -0.002111  2  3707.000000  0.120571  -1.000000  436.000000  0.116725  1.000000 
 0.000911  2  3707.000000  0.120571  1.000000  1355.000000  0.013593  -1.000000 
 -0.001824  2  3707.000000  0.120571  1.000000  1355.000000  0.013593  1.000000 
 -0.001045  1  2482.000000  0.084691  -1.000000 
 -0.003287  2  2482.000000  0.084691  1.000000  998.000000  0.135474  1.000000 
 -0.047856  3  2482.000000  0.084691  1.000000  998.000000  0.135474  -1.000000  2637.000000  0.000005  -1.000000 
 0.001570  3  2482.000000  0.084691  1.000000  998.000000  0.135474  -1.000000  2637.000000  0.000005  1.000000 
 0.001470  1  220.000000  3.405550  1.000000 
 -0.001178  2  220.000000  3.405550  -1.000000  112.000000  0.458612  1.000000 
 -0.001383  3  220.000000  3.405550  -1.000000  112.000000  0.458612  -1.000000  13.000000  0.002646  -1.000000 
 0.002103  3  220.000000  3.405550  -1.000000  112.000000  0.458612  -1.000000  13.000000  0.002646  1.000000 
 -0.002134  2  541.000000  0.048345  -1.000000  845.000000  0.011776  -1.000000 
 0.001767  2  541.000000  0.048345  -1.000000  845.000000  0.011776  1.000000 
 0.000952  2  541.000000  0.048345  1.000000  2081.000000  0.054955  -1.000000 
 -0.001591  2  541.000000  0.048345  1.000000  2081.000000  0.054955  1.000000 
 -0.001401  1  5.000000  15.389350  -1.000000 
 0.001660  2  5.000000  15.389350  1.000000  814.000000  0.136310  -1.000000 
 0.001791  3  5.000000  15.389350  1.000000  814.000000  0.136310  1.000000  2671.000000  0.032498  -1.000000 
 -0.002254  3  5.000000  15.389350  1.000000  814.000000  0.136310  1.000000  2671.000000  0.032498  1.000000 
 -0.001614  2  1508.000000  0.052938  1.000000  2626.000000  0.216108  -1.000000 
 0.001350  2  1508.000000  0.052938  1.000000  2626.000000  0.216108  1.000000 
 -0.001700  2  1508.000000  0.052938  -1.000000  1761.000000  0.001608  -1.000000 
 0.001412  2  1508.000000  0.052938  -1.000000  1761.000000  0.001608  1.000000 
 -0.001690  2  1619.000000  0.073527  1.000000  2966.000000  0.213633  -1.000000 
 0.001382  2  1619.000000  0.073527  1.000000  2966.000000  0.213633  1.000000 
 0.001280  2  1619.000000  0.073527  -1.000000  2210.000000  0.169893  -1.000000 
 -0.002434  2  1619.000000  0.073527  -1.000000  2210.000000  0.169893  1.000000 
 -0.001289  2  810.000000  0.013986  1.000000  342.000000  0.193076  -1.000000 
 0.002318  2  810.000000  0.013986  1.000000  342.000000  0.193076  1.000000 
 -0.002297  2  810.000000  0.013986  -1.000000  3203.000000  0.000464  -1.000000 
 0.001548  2  810.000000  0.013986  -1.000000  3203.000000  0.000464  1.000000 
 -0.001250  1  44.000000  -0.000663  1.000000 
 -0.001465  2  44.000000  -0.000663  -1.000000  175.000000  2443.945000  -1.000000 
 0.001925  3  44.000000  -0.000663  -1.000000  175.000000  2443.945000  1.000000  2778.000000  0.093575  -1.000000 
 -0.001250  3  44.000000  -0.000663  -1.000000  175.000000  2443.945000  1.000000  2778.000000  0.093575  1.000000 
 -0.001161  1  376.000000  0.155214  -1.000000 
 0.001376  2  376.000000  0.155214  1.000000  2724.000000  0.000242  1.000000 
 -0.002969  3  376.000000  0.155214  1.000000  2724.000000  0.000242  -1.000000  2636.000000  0.088311  -1.000000 
 0.002635  3  376.000000  0.155214  1.000000  2724.000000  0.000242  -1.000000  2636.000000  0.088311  1.000000 
 0.001717  2  807.000000  0.123583  1.000000  2424.000000  0.099844  -1.000000 
 -0.002540  2  807.000000  0.123583  1.000000  2424.000000  0.099844  1.000000 
 -0.001137  2  807.000000  0.123583  -1.000000  2892.000000  0.309553  -1.000000 
 0.002955  2  807.000000  0.123583  -1.000000  2892.000000  0.309553  1.000000 
 0.001174  2  1400.000000  0.106598  -1.000000  2562.000000  0.137080  -1.000000 
 -0.001119  2  1400.000000  0.106598  -1.000000  2562.000000  0.137080  1.000000 
 -0.002313  2  1400.000000  0.106598  1.000000  2047.000000  0.276951  -1.000000 
 0.003640  2  1400.000000  0.106598  1.000000  2047.000000  0.276951  1.000000 
 -0.001236  1  180.000000  -188.611500  1.000000 
 -0.001677  2  180.000000  -188.611500  -1.000000  3171.000000  0.003193  -1.000000 
 0.001693  3  180.000000  -188.611500  -1.000000  3171.000000  0.003193  1.000000  508.000000  0.188262  -1.000000 
 -0.002359  3  180.000000  -188.611500  -1.000000  3171.000000  0.003193  1.000000  508.000000  0.188262  1.000000 
 -0.001188  1  1236.000000  0.172666  1.000000 
 -0.001375  2  1236.000000  0.172666  -1.000000  895.000000  0.016288  -1.000000 
 0.001797  3  1236.000000  0.172666  -1.000000  895.000000  0.016288  1.000000  3485.000000  0.191035  -1.000000 
 -0.002829  3  1236.000000  0.172666  -1.000000  895.000000  0.016288  1.000000  3485.000000  0.191035  1.000000 
 0.001379  2  699.000000  0.076745  -1.000000  1043.000000  0.064656  -1.000000 
 -0.001178  2  699.000000  0.076745  -1.000000  1043.000000  0.064656  1.000000 
 -0.002259  2  699.000000  0.076745  1.000000  3189.000000  0.244612  -1.000000 
 0.002459  2  699.000000  0.076745  1.000000  3189.000000  0.244612  1.000000 
