 400
  -0.039813  2  125.000000  0.624394  1.000000  123.000000  0.563911  -1.000000 
 0.040297  2  125.000000  0.624394  1.000000  123.000000  0.563911  1.000000 
 0.038495  2  125.000000  0.624394  -1.000000  2386.000000  -0.001444  -1.000000 
 -0.007827  2  125.000000  0.624394  -1.000000  2386.000000  -0.001444  1.000000 
 0.001638  2  126.000000  0.446051  -1.000000  3797.000000  -0.126481  -1.000000 
 -0.002915  2  126.000000  0.446051  -1.000000  3797.000000  -0.126481  1.000000 
 -0.025433  2  126.000000  0.446051  1.000000  40.000000  -0.003836  -1.000000 
 0.002129  2  126.000000  0.446051  1.000000  40.000000  -0.003836  1.000000 
 -0.001894  2  179.000000  141.969000  1.000000  204.000000  -0.335297  -1.000000 
 0.001253  2  179.000000  141.969000  1.000000  204.000000  -0.335297  1.000000 
 -0.002071  2  179.000000  141.969000  -1.000000  301.000000  0.373991  -1.000000 
 0.001865  2  179.000000  141.969000  -1.000000  301.000000  0.373991  1.000000 
 -0.002559  2  430.000000  0.088728  1.000000  31.000000  -0.003531  -1.000000 
 0.001143  2  430.000000  0.088728  1.000000  31.000000  -0.003531  1.000000 
 -0.001894  2  430.000000  0.088728  -1.000000  122.000000  0.582242  -1.000000 
 0.001237  2  430.000000  0.088728  -1.000000  122.000000  0.582242  1.000000 
 -0.001381  2  712.000000  0.139607  -1.000000  85.000000  0.586595  -1.000000 
 0.001378  2  712.000000  0.139607  -1.000000  85.000000  0.586595  1.000000 
 0.001524  2  712.000000  0.139607  1.000000  1402.000000  0.142350  -1.000000 
 -0.002080  2  712.000000  0.139607  1.000000  1402.000000  0.142350  1.000000 
 -0.001395  1  989.000000  0.055109  -1.000000 
 -0.001811  2  989.000000  0.055109  1.000000  2551.000000  0.140745  1.000000 
 0.001641  3  989.000000  0.055109  1.000000  2551.000000  0.140745  -1.000000  608.000000  0.171255  -1.000000 
 -0.002477  3  989.000000  0.055109  1.000000  2551.000000  0.140745  -1.000000  608.000000  0.171255  1.000000 
 0.000893  1  96.000000  0.435527  -1.000000 
 0.001205  2  96.000000  0.435527  1.000000  100.000000  0.543247  1.000000 
 -0.002449  3  96.000000  0.435527  1.000000  100.000000  0.543247  -1.000000  3428.000000  0.527738  -1.000000 
 0.002151  3  96.000000  0.435527  1.000000  100.000000  0.543247  -1.000000  3428.000000  0.527738  1.000000 
 -0.001073  1  2631.000000  0.070997  -1.000000 
 -0.001711  2  2631.000000  0.070997  1.000000  921.000000  0.126794  1.000000 
 0.001423  3  2631.000000  0.070997  1.000000  921.000000  0.126794  -1.000000  3208.000000  0.166778  -1.000000 
 -0.002432  3  2631.000000  0.070997  1.000000  921.000000  0.126794  -1.000000  3208.000000  0.166778  1.000000 
 0.000691  2  6.000000  13.509700  -1.000000  1883.000000  0.000008  -1.000000 
 -0.001593  2  6.000000  13.509700  -1.000000  1883.000000  0.000008  1.000000 
 0.001496  2  6.000000  13.509700  1.000000  1227.000000  0.137591  -1.000000 
 -0.001732  2  6.000000  13.509700  1.000000  1227.000000  0.137591  1.000000 
 0.001132  2  326.000000  0.070826  -1.000000  1971.000000  0.115535  -1.000000 
 -0.001439  2  326.000000  0.070826  -1.000000  1971.000000  0.115535  1.000000 
 -0.001734  2  326.000000  0.070826  1.000000  3788.000000  0.295636  -1.000000 
 0.001672  2  326.000000  0.070826  1.000000  3788.000000  0.295636  1.000000 
 0.001107  1  1704.000000  0.162266  1.000000 
 0.001391  2  1704.000000  0.162266  -1.000000  963.000000  0.346318  1.000000 
 -0.001675  3  1704.000000  0.162266  -1.000000  963.000000  0.346318  -1.000000  1207.000000  0.261871  -1.000000 
 0.001192  3  1704.000000  0.162266  -1.000000  963.000000  0.346318  -1.000000  1207.000000  0.261871  1.000000 
 -0.001266  2  629.000000  0.172044  -1.000000  1657.000000  0.259435  -1.000000 
 0.001212  2  629.000000  0.172044  -1.000000  1657.000000  0.259435  1.000000 
 0.001453  2  629.000000  0.172044  1.000000  1666.000000  0.154118  -1.000000 
 -0.001754  2  629.000000  0.172044  1.000000  1666.000000  0.154118  1.000000 
 -0.001360  2  2949.000000  0.105389  -1.000000  196.000000  4.727490  -1.000000 
 0.001533  2  2949.000000  0.105389  -1.000000  196.000000  4.727490  1.000000 
 0.001203  2  2949.000000  0.105389  1.000000  802.000000  0.164203  -1.000000 
 -0.002085  2  2949.000000  0.105389  1.000000  802.000000  0.164203  1.000000 
 -0.001085  1  143.000000  -4.288265  1.000000 
 -0.001200  2  143.000000  -4.288265  -1.000000  3272.000000  0.028412  -1.000000 
 0.001580  3  143.000000  -4.288265  -1.000000  3272.000000  0.028412  1.000000  895.000000  0.138180  -1.000000 
 -0.001906  3  143.000000  -4.288265  -1.000000  3272.000000  0.028412  1.000000  895.000000  0.138180  1.000000 
 0.001609  1  35.000000  -0.000008  1.000000 
 0.001251  2  35.000000  -0.000008  -1.000000  748.000000  0.255733  1.000000 
 -0.001320  3  35.000000  -0.000008  -1.000000  748.000000  0.255733  -1.000000  929.000000  0.395420  -1.000000 
 0.001640  3  35.000000  -0.000008  -1.000000  748.000000  0.255733  -1.000000  929.000000  0.395420  1.000000 
 -0.000847  1  1755.000000  0.057708  1.000000 
 0.001388  2  1755.000000  0.057708  -1.000000  363.000000  0.049818  1.000000 
 0.001073  3  1755.000000  0.057708  -1.000000  363.000000  0.049818  -1.000000  1163.000000  0.031566  -1.000000 
 -0.029081  3  1755.000000  0.057708  -1.000000  363.000000  0.049818  -1.000000  1163.000000  0.031566  1.000000 
 -0.001090  2  2537.000000  0.126993  -1.000000  1122.000000  0.264366  -1.000000 
 0.001492  2  2537.000000  0.126993  -1.000000  1122.000000  0.264366  1.000000 
 -0.001055  2  2537.000000  0.126993  1.000000  1063.000000  0.053509  -1.000000 
 0.001606  2  2537.000000  0.126993  1.000000  1063.000000  0.053509  1.000000 
 0.001079  1  638.000000  0.242010  1.000000 
 -0.001454  2  638.000000  0.242010  -1.000000  3191.000000  0.007034  1.000000 
 -0.001652  3  638.000000  0.242010  -1.000000  3191.000000  0.007034  -1.000000  3432.000000  0.028838  -1.000000 
 0.001877  3  638.000000  0.242010  -1.000000  3191.000000  0.007034  -1.000000  3432.000000  0.028838  1.000000 
 -0.003637  2  729.000000  0.173170  1.000000  2784.000000  0.063825  -1.000000 
 0.001308  2  729.000000  0.173170  1.000000  2784.000000  0.063825  1.000000 
 -0.001438  2  729.000000  0.173170  -1.000000  1256.000000  0.180507  -1.000000 
 0.001116  2  729.000000  0.173170  -1.000000  1256.000000  0.180507  1.000000 
 0.001183  2  397.000000  0.071386  -1.000000  1600.000000  0.118393  -1.000000 
 -0.001097  2  397.000000  0.071386  -1.000000  1600.000000  0.118393  1.000000 
 -0.001438  2  397.000000  0.071386  1.000000  3715.000000  0.234550  -1.000000 
 0.000797  2  397.000000  0.071386  1.000000  3715.000000  0.234550  1.000000 
 0.001510  2  1529.000000  0.083636  1.000000  3281.000000  0.129664  -1.000000 
 -0.000933  2  1529.000000  0.083636  1.000000  3281.000000  0.129664  1.000000 
 0.000979  2  1529.000000  0.083636  -1.000000  16.000000  -0.000471  -1.000000 
 -0.001452  2  1529.000000  0.083636  -1.000000  16.000000  -0.000471  1.000000 
 0.001111  2  47.000000  0.002088  -1.000000  337.000000  0.182057  -1.000000 
 -0.003271  2  47.000000  0.002088  -1.000000  337.000000  0.182057  1.000000 
 -0.001537  2  47.000000  0.002088  1.000000  2522.000000  0.260090  -1.000000 
 0.001021  2  47.000000  0.002088  1.000000  2522.000000  0.260090  1.000000 
 0.001173  2  2614.000000  0.092350  1.000000  2326.000000  0.125237  -1.000000 
 -0.001125  2  2614.000000  0.092350  1.000000  2326.000000  0.125237  1.000000 
 -0.002029  2  2614.000000  0.092350  -1.000000  700.000000  0.213977  -1.000000 
 0.000912  2  2614.000000  0.092350  -1.000000  700.000000  0.213977  1.000000 
 -0.000991  2  2591.000000  0.142801  -1.000000  120.000000  0.556405  -1.000000 
 0.001248  2  2591.000000  0.142801  -1.000000  120.000000  0.556405  1.000000 
 -0.002404  2  2591.000000  0.142801  1.000000  323.000000  0.078449  -1.000000 
 0.001856  2  2591.000000  0.142801  1.000000  323.000000  0.078449  1.000000 
 -0.001517  2  1055.000000  0.111627  -1.000000  2659.000000  0.001053  -1.000000 
 0.001258  2  1055.000000  0.111627  -1.000000  2659.000000  0.001053  1.000000 
 -0.001488  2  1055.000000  0.111627  1.000000  1065.000000  0.360930  -1.000000 
 0.001528  2  1055.000000  0.111627  1.000000  1065.000000  0.360930  1.000000 
 -0.001683  2  42.000000  0.000601  1.000000  2563.000000  0.042720  -1.000000 
 0.001344  2  42.000000  0.000601  1.000000  2563.000000  0.042720  1.000000 
 -0.002025  2  42.000000  0.000601  -1.000000  1123.000000  0.178981  -1.000000 
 0.000824  2  42.000000  0.000601  -1.000000  1123.000000  0.178981  1.000000 
 0.001551  2  1342.000000  0.079410  -1.000000  1933.000000  0.163440  -1.000000 
 -0.002877  2  1342.000000  0.079410  -1.000000  1933.000000  0.163440  1.000000 
 -0.001291  2  1342.000000  0.079410  1.000000  3199.000000  0.306881  -1.000000 
 0.001595  2  1342.000000  0.079410  1.000000  3199.000000  0.306881  1.000000 
 0.001460  2  147.000000  0.468562  -1.000000  3792.000000  0.138475  -1.000000 
 -0.001347  2  147.000000  0.468562  -1.000000  3792.000000  0.138475  1.000000 
 -0.001539  2  147.000000  0.468562  1.000000  1032.000000  0.235101  -1.000000 
 0.001745  2  147.000000  0.468562  1.000000  1032.000000  0.235101  1.000000 
 -0.001501  1  2837.000000  0.095260  1.000000 
 -0.001710  2  2837.000000  0.095260  -1.000000  3477.000000  0.001154  -1.000000 
 0.001661  3  2837.000000  0.095260  -1.000000  3477.000000  0.001154  1.000000  1113.000000  0.138886  -1.000000 
 -0.001461  3  2837.000000  0.095260  -1.000000  3477.000000  0.001154  1.000000  1113.000000  0.138886  1.000000 
 0.000790  2  117.000000  0.078112  -1.000000  120.000000  0.407696  -1.000000 
 -0.001528  2  117.000000  0.078112  -1.000000  120.000000  0.407696  1.000000 
 0.001784  2  117.000000  0.078112  1.000000  2299.000000  0.136659  -1.000000 
 -0.002280  2  117.000000  0.078112  1.000000  2299.000000  0.136659  1.000000 
 0.001406  1  5.000000  20.341200  1.000000 
 0.001284  2  5.000000  20.341200  -1.000000  999.000000  0.218082  1.000000 
 -0.001552  3  5.000000  20.341200  -1.000000  999.000000  0.218082  -1.000000  69.000000  0.594566  -1.000000 
 0.001662  3  5.000000  20.341200  -1.000000  999.000000  0.218082  -1.000000  69.000000  0.594566  1.000000 
 0.001557  2  2008.000000  0.049901  -1.000000  1535.000000  0.090687  -1.000000 
 -0.001443  2  2008.000000  0.049901  -1.000000  1535.000000  0.090687  1.000000 
 -0.001362  2  2008.000000  0.049901  1.000000  3752.000000  0.298706  -1.000000 
 0.001602  2  2008.000000  0.049901  1.000000  3752.000000  0.298706  1.000000 
 0.001140  2  455.000000  0.083655  1.000000  1477.000000  0.184842  -1.000000 
 -0.016734  2  455.000000  0.083655  1.000000  1477.000000  0.184842  1.000000 
 -0.001718  2  455.000000  0.083655  -1.000000  2175.000000  0.358743  -1.000000 
 0.001829  2  455.000000  0.083655  -1.000000  2175.000000  0.358743  1.000000 
 -0.000956  1  1872.000000  0.102021  -1.000000 
 -0.002428  2  1872.000000  0.102021  1.000000  2164.000000  0.139221  1.000000 
 -0.003849  3  1872.000000  0.102021  1.000000  2164.000000  0.139221  -1.000000  3485.000000  0.001644  -1.000000 
 0.001911  3  1872.000000  0.102021  1.000000  2164.000000  0.139221  -1.000000  3485.000000  0.001644  1.000000 
 -0.001477  2  2749.000000  0.073985  1.000000  3078.000000  0.208100  -1.000000 
 0.001498  2  2749.000000  0.073985  1.000000  3078.000000  0.208100  1.000000 
 0.001479  2  2749.000000  0.073985  -1.000000  1040.000000  0.121516  -1.000000 
 -0.001366  2  2749.000000  0.073985  -1.000000  1040.000000  0.121516  1.000000 
 -0.001131  2  2206.000000  0.105571  1.000000  101.000000  0.468684  -1.000000 
 0.001216  2  2206.000000  0.105571  1.000000  101.000000  0.468684  1.000000 
 -0.001428  2  2206.000000  0.105571  -1.000000  2871.000000  0.392854  -1.000000 
 0.002379  2  2206.000000  0.105571  -1.000000  2871.000000  0.392854  1.000000 
 -0.000786  2  3270.000000  0.121122  -1.000000  2125.000000  0.096739  -1.000000 
 0.001504  2  3270.000000  0.121122  -1.000000  2125.000000  0.096739  1.000000 
 0.000976  2  3270.000000  0.121122  1.000000  2074.000000  0.010312  -1.000000 
 -0.002225  2  3270.000000  0.121122  1.000000  2074.000000  0.010312  1.000000 
 -0.001059  1  3242.000000  0.070372  1.000000 
 -0.001368  2  3242.000000  0.070372  -1.000000  62.000000  0.044056  1.000000 
 0.001502  3  3242.000000  0.070372  -1.000000  62.000000  0.044056  -1.000000  1093.000000  0.209508  -1.000000 
 -0.002267  3  3242.000000  0.070372  -1.000000  62.000000  0.044056  -1.000000  1093.000000  0.209508  1.000000 
 -0.001374  1  1093.000000  0.058885  -1.000000 
 -0.001231  2  1093.000000  0.058885  1.000000  3229.000000  0.007435  -1.000000 
 -0.046833  3  1093.000000  0.058885  1.000000  3229.000000  0.007435  1.000000  182.000000  -0.169939  -1.000000 
 0.001491  3  1093.000000  0.058885  1.000000  3229.000000  0.007435  1.000000  182.000000  -0.169939  1.000000 
 0.001253  2  1624.000000  0.043455  -1.000000  2460.000000  0.158423  -1.000000 
 -0.002589  2  1624.000000  0.043455  -1.000000  2460.000000  0.158423  1.000000 
 -0.001357  2  1624.000000  0.043455  1.000000  99.000000  0.584442  -1.000000 
 0.002087  2  1624.000000  0.043455  1.000000  99.000000  0.584442  1.000000 
 0.001298  2  3348.000000  0.101778  1.000000  2666.000000  0.127570  -1.000000 
 -0.001168  2  3348.000000  0.101778  1.000000  2666.000000  0.127570  1.000000 
 -0.001415  2  3348.000000  0.101778  -1.000000  1166.000000  0.282930  -1.000000 
 0.001205  2  3348.000000  0.101778  -1.000000  1166.000000  0.282930  1.000000 
 -0.001226  2  315.000000  0.045944  1.000000  1511.000000  0.238447  -1.000000 
 0.001819  2  315.000000  0.045944  1.000000  1511.000000  0.238447  1.000000 
 -0.001973  2  315.000000  0.045944  -1.000000  2868.000000  0.011405  -1.000000 
 0.001594  2  315.000000  0.045944  -1.000000  2868.000000  0.011405  1.000000 
 -0.000847  2  2449.000000  0.040473  -1.000000  1528.000000  0.057631  -1.000000 
 0.001555  2  2449.000000  0.040473  -1.000000  1528.000000  0.057631  1.000000 
 -0.001709  2  2449.000000  0.040473  1.000000  3480.000000  0.187392  -1.000000 
 0.001247  2  2449.000000  0.040473  1.000000  3480.000000  0.187392  1.000000 
 -0.002821  2  3220.000000  0.090192  -1.000000  2639.000000  0.000012  -1.000000 
 0.001205  2  3220.000000  0.090192  -1.000000  2639.000000  0.000012  1.000000 
 -0.002226  2  3220.000000  0.090192  1.000000  3087.000000  0.121232  -1.000000 
 0.000811  2  3220.000000  0.090192  1.000000  3087.000000  0.121232  1.000000 
 0.001226  2  3059.000000  0.071040  1.000000  3807.000000  -0.138985  -1.000000 
 -0.001493  2  3059.000000  0.071040  1.000000  3807.000000  -0.138985  1.000000 
 0.001185  2  3059.000000  0.071040  -1.000000  2148.000000  0.150126  -1.000000 
 -0.001975  2  3059.000000  0.071040  -1.000000  2148.000000  0.150126  1.000000 
 -0.001233  2  2443.000000  0.142390  -1.000000  133.000000  0.059299  -1.000000 
 0.000950  2  2443.000000  0.142390  -1.000000  133.000000  0.059299  1.000000 
 -0.001538  2  2443.000000  0.142390  1.000000  3319.000000  0.068483  -1.000000 
 0.002075  2  2443.000000  0.142390  1.000000  3319.000000  0.068483  1.000000 
 -0.001197  1  477.000000  0.092732  -1.000000 
 -0.001314  2  477.000000  0.092732  1.000000  497.000000  0.147137  1.000000 
 0.001402  3  477.000000  0.092732  1.000000  497.000000  0.147137  -1.000000  153.000000  4.363230  -1.000000 
 -0.047192  3  477.000000  0.092732  1.000000  497.000000  0.147137  -1.000000  153.000000  4.363230  1.000000 
 0.001191  2  1328.000000  0.047941  -1.000000  1889.000000  0.282008  -1.000000 
 -0.047343  2  1328.000000  0.047941  -1.000000  1889.000000  0.282008  1.000000 
 -0.001291  2  1328.000000  0.047941  1.000000  3187.000000  0.218336  -1.000000 
 0.001656  2  1328.000000  0.047941  1.000000  3187.000000  0.218336  1.000000 
 0.001212  2  3.000000  0.038203  -1.000000  3814.000000  -0.122200  -1.000000 
 -0.001546  2  3.000000  0.038203  -1.000000  3814.000000  -0.122200  1.000000 
 0.001403  2  3.000000  0.038203  1.000000  689.000000  0.139898  -1.000000 
 -0.002731  2  3.000000  0.038203  1.000000  689.000000  0.139898  1.000000 
 -0.001574  1  1653.000000  0.111699  1.000000 
 -0.001740  2  1653.000000  0.111699  -1.000000  32.000000  0.000280  1.000000 
 0.001429  3  1653.000000  0.111699  -1.000000  32.000000  0.000280  -1.000000  143.000000  -2.178805  -1.000000 
 -0.002574  3  1653.000000  0.111699  -1.000000  32.000000  0.000280  -1.000000  143.000000  -2.178805  1.000000 
 -0.001153  2  37.000000  -0.001958  1.000000  601.000000  0.047851  -1.000000 
 0.001382  2  37.000000  -0.001958  1.000000  601.000000  0.047851  1.000000 
 -0.003088  2  37.000000  -0.001958  -1.000000  1926.000000  0.169123  -1.000000 
 0.000871  2  37.000000  -0.001958  -1.000000  1926.000000  0.169123  1.000000 
 0.001298  1  3642.000000  0.181706  1.000000 
 0.000996  2  3642.000000  0.181706  -1.000000  120.000000  0.556364  1.000000 
 -0.002110  3  3642.000000  0.181706  -1.000000  120.000000  0.556364  -1.000000  421.000000  0.210960  -1.000000 
 0.000859  3  3642.000000  0.181706  -1.000000  120.000000  0.556364  -1.000000  421.000000  0.210960  1.000000 
 -0.001212  2  3218.000000  0.043642  1.000000  1416.000000  0.186797  -1.000000 
 0.000947  2  3218.000000  0.043642  1.000000  1416.000000  0.186797  1.000000 
 -0.002178  2  3218.000000  0.043642  -1.000000  3018.000000  0.056706  -1.000000 
 0.002150  2  3218.000000  0.043642  -1.000000  3018.000000  0.056706  1.000000 
 -0.001006  1  521.000000  0.061451  -1.000000 
 0.001584  2  521.000000  0.061451  1.000000  3082.000000  0.108067  -1.000000 
 0.001228  3  521.000000  0.061451  1.000000  3082.000000  0.108067  1.000000  279.000000  0.060085  -1.000000 
 -0.002012  3  521.000000  0.061451  1.000000  3082.000000  0.108067  1.000000  279.000000  0.060085  1.000000 
 -0.001647  2  3022.000000  0.111098  1.000000  38.000000  -0.002396  -1.000000 
 0.001410  2  3022.000000  0.111098  1.000000  38.000000  -0.002396  1.000000 
 0.000654  2  3022.000000  0.111098  -1.000000  1534.000000  0.000005  -1.000000 
 -0.001370  2  3022.000000  0.111098  -1.000000  1534.000000  0.000005  1.000000 
 -0.001725  2  3616.000000  0.108700  -1.000000  2125.000000  0.148066  -1.000000 
 0.000677  2  3616.000000  0.108700  -1.000000  2125.000000  0.148066  1.000000 
 -0.007091  2  3616.000000  0.108700  1.000000  1826.000000  0.048738  -1.000000 
 0.001244  2  3616.000000  0.108700  1.000000  1826.000000  0.048738  1.000000 
 -0.001526  2  326.000000  0.055355  -1.000000  59.000000  -0.000444  -1.000000 
 0.001588  2  326.000000  0.055355  -1.000000  59.000000  -0.000444  1.000000 
 -0.001342  2  326.000000  0.055355  1.000000  796.000000  0.238576  -1.000000 
 0.001471  2  326.000000  0.055355  1.000000  796.000000  0.238576  1.000000 
 -0.001226  2  2563.000000  0.130389  -1.000000  3795.000000  0.265686  -1.000000 
 0.001500  2  2563.000000  0.130389  -1.000000  3795.000000  0.265686  1.000000 
 -0.002457  2  2563.000000  0.130389  1.000000  3099.000000  0.028601  -1.000000 
 0.001443  2  2563.000000  0.130389  1.000000  3099.000000  0.028601  1.000000 
 0.001464  2  3737.000000  0.022828  -1.000000  286.000000  0.164302  -1.000000 
 -0.002051  2  3737.000000  0.022828  -1.000000  286.000000  0.164302  1.000000 
 0.001309  2  3737.000000  0.022828  1.000000  135.000000  0.002052  -1.000000 
 -0.001270  2  3737.000000  0.022828  1.000000  135.000000  0.002052  1.000000 
 0.001334  2  702.000000  0.120261  1.000000  633.000000  0.129607  -1.000000 
 -0.002000  2  702.000000  0.120261  1.000000  633.000000  0.129607  1.000000 
 0.000950  2  702.000000  0.120261  -1.000000  201.000000  -0.127362  -1.000000 
 -0.001857  2  702.000000  0.120261  -1.000000  201.000000  -0.127362  1.000000 
 0.000961  2  1762.000000  0.097712  -1.000000  2807.000000  0.000002  -1.000000 
 -0.001499  2  1762.000000  0.097712  -1.000000  2807.000000  0.000002  1.000000 
 -0.001368  2  1762.000000  0.097712  1.000000  1282.000000  0.059783  -1.000000 
 0.001563  2  1762.000000  0.097712  1.000000  1282.000000  0.059783  1.000000 
 -0.001307  2  2626.000000  0.052059  1.000000  206.000000  62.104850  -1.000000 
 0.002005  2  2626.000000  0.052059  1.000000  206.000000  62.104850  1.000000 
 -0.002419  2  2626.000000  0.052059  -1.000000  2868.000000  0.007054  -1.000000 
 0.001646  2  2626.000000  0.052059  -1.000000  2868.000000  0.007054  1.000000 
 -0.001241  1  974.000000  0.101881  1.000000 
 -0.001639  2  974.000000  0.101881  -1.000000  644.000000  0.009398  -1.000000 
 0.001710  3  974.000000  0.101881  -1.000000  644.000000  0.009398  1.000000  2549.000000  0.144058  -1.000000 
 -0.001314  3  974.000000  0.101881  -1.000000  644.000000  0.009398  1.000000  2549.000000  0.144058  1.000000 
 0.001554  1  854.000000  0.208525  1.000000 
 0.001506  2  854.000000  0.208525  -1.000000  3820.000000  -0.033901  -1.000000 
 -0.001326  3  854.000000  0.208525  -1.000000  3820.000000  -0.033901  1.000000  1792.000000  0.475897  -1.000000 
 0.002423  3  854.000000  0.208525  -1.000000  3820.000000  -0.033901  1.000000  1792.000000  0.475897  1.000000 
 -0.001052  1  2936.000000  0.078190  1.000000 
 -0.001813  2  2936.000000  0.078190  -1.000000  2114.000000  0.179344  1.000000 
 -0.004370  3  2936.000000  0.078190  -1.000000  2114.000000  0.179344  -1.000000  1363.000000  0.000013  -1.000000 
 0.001759  3  2936.000000  0.078190  -1.000000  2114.000000  0.179344  -1.000000  1363.000000  0.000013  1.000000 
 -0.001318  2  827.000000  0.130169  -1.000000  564.000000  0.170428  -1.000000 
 0.001485  2  827.000000  0.130169  -1.000000  564.000000  0.170428  1.000000 
 0.001694  2  827.000000  0.130169  1.000000  508.000000  0.188163  -1.000000 
 -0.002421  2  827.000000  0.130169  1.000000  508.000000  0.188163  1.000000 
 0.001444  2  1821.000000  0.050941  1.000000  152.000000  -5.704630  -1.000000 
 -0.001882  2  1821.000000  0.050941  1.000000  152.000000  -5.704630  1.000000 
 0.001691  2  1821.000000  0.050941  -1.000000  1481.000000  0.148439  -1.000000 
 -0.001467  2  1821.000000  0.050941  -1.000000  1481.000000  0.148439  1.000000 
 -0.001644  2  370.000000  0.036343  -1.000000  424.000000  0.031267  -1.000000 
 0.001906  2  370.000000  0.036343  -1.000000  424.000000  0.031267  1.000000 
 -0.001362  2  370.000000  0.036343  1.000000  2142.000000  0.191881  -1.000000 
 0.000843  2  370.000000  0.036343  1.000000  2142.000000  0.191881  1.000000 
 -0.003396  2  1016.000000  0.096867  1.000000  126.000000  0.243878  -1.000000 
 0.001295  2  1016.000000  0.096867  1.000000  126.000000  0.243878  1.000000 
 -0.001544  2  1016.000000  0.096867  -1.000000  1958.000000  0.304193  -1.000000 
 0.001526  2  1016.000000  0.096867  -1.000000  1958.000000  0.304193  1.000000 
 -0.001281  2  2196.000000  0.182609  -1.000000  2201.000000  0.177409  -1.000000 
 0.001067  2  2196.000000  0.182609  -1.000000  2201.000000  0.177409  1.000000 
 -0.002338  2  2196.000000  0.182609  1.000000  455.000000  0.037442  -1.000000 
 0.001902  2  2196.000000  0.182609  1.000000  455.000000  0.037442  1.000000 
 -0.001296  2  481.000000  0.096404  -1.000000  3272.000000  0.028412  -1.000000 
 0.001221  2  481.000000  0.096404  -1.000000  3272.000000  0.028412  1.000000 
 -0.001987  2  481.000000  0.096404  1.000000  1631.000000  0.187806  -1.000000 
 0.001420  2  481.000000  0.096404  1.000000  1631.000000  0.187806  1.000000 
 -0.002611  2  3281.000000  0.114231  -1.000000  65.000000  -0.002031  -1.000000 
 0.001216  2  3281.000000  0.114231  -1.000000  65.000000  -0.002031  1.000000 
 -0.001660  2  3281.000000  0.114231  1.000000  2411.000000  0.235575  -1.000000 
 0.001702  2  3281.000000  0.114231  1.000000  2411.000000  0.235575  1.000000 
 0.001203  2  1655.000000  0.136315  -1.000000  1521.000000  0.003071  -1.000000 
 -0.001658  2  1655.000000  0.136315  -1.000000  1521.000000  0.003071  1.000000 
 -0.001539  2  1655.000000  0.136315  1.000000  3792.000000  0.041035  -1.000000 
 0.001280  2  1655.000000  0.136315  1.000000  3792.000000  0.041035  1.000000 
 0.000962  2  1438.000000  0.110418  -1.000000  3304.000000  0.230494  -1.000000 
 -0.002813  2  1438.000000  0.110418  -1.000000  3304.000000  0.230494  1.000000 
 -0.002398  2  1438.000000  0.110418  1.000000  1268.000000  0.234693  -1.000000 
 0.001573  2  1438.000000  0.110418  1.000000  1268.000000  0.234693  1.000000 
 -0.001035  1  465.000000  0.098193  -1.000000 
 -0.002004  2  465.000000  0.098193  1.000000  2984.000000  0.013081  -1.000000 
 0.001632  3  465.000000  0.098193  1.000000  2984.000000  0.013081  1.000000  959.000000  0.141869  -1.000000 
 -0.002299  3  465.000000  0.098193  1.000000  2984.000000  0.013081  1.000000  959.000000  0.141869  1.000000 
 0.001472  1  127.000000  0.022885  -1.000000 
 0.000951  2  127.000000  0.022885  1.000000  2483.000000  0.177108  1.000000 
 -0.001577  3  127.000000  0.022885  1.000000  2483.000000  0.177108  -1.000000  2839.000000  0.307864  -1.000000 
 0.001699  3  127.000000  0.022885  1.000000  2483.000000  0.177108  -1.000000  2839.000000  0.307864  1.000000 
 -0.000945  1  110.000000  0.471531  -1.000000 
 -0.002637  2  110.000000  0.471531  1.000000  1686.000000  0.195222  1.000000 
 0.001275  3  110.000000  0.471531  1.000000  1686.000000  0.195222  -1.000000  3155.000000  0.179316  -1.000000 
 -0.002216  3  110.000000  0.471531  1.000000  1686.000000  0.195222  -1.000000  3155.000000  0.179316  1.000000 
 0.002226  2  2895.000000  0.116171  -1.000000  211.000000  -4.183790  -1.000000 
 -0.001167  2  2895.000000  0.116171  -1.000000  211.000000  -4.183790  1.000000 
 0.001504  2  2895.000000  0.116171  1.000000  2349.000000  0.162274  -1.000000 
 -0.002723  2  2895.000000  0.116171  1.000000  2349.000000  0.162274  1.000000 
 0.001042  2  1656.000000  0.194842  -1.000000  3803.000000  -0.143723  -1.000000 
 -0.001316  2  1656.000000  0.194842  -1.000000  3803.000000  -0.143723  1.000000 
 0.001705  2  1656.000000  0.194842  1.000000  1348.000000  0.130414  -1.000000 
 -0.001859  2  1656.000000  0.194842  1.000000  1348.000000  0.130414  1.000000 
 -0.001177  2  3533.000000  0.080626  -1.000000  700.000000  0.053143  -1.000000 
 0.001563  2  3533.000000  0.080626  -1.000000  700.000000  0.053143  1.000000 
 -0.001380  2  3533.000000  0.080626  1.000000  2595.000000  0.443922  -1.000000 
 0.003188  2  3533.000000  0.080626  1.000000  2595.000000  0.443922  1.000000 
 0.001262  2  326.000000  0.067295  -1.000000  482.000000  0.120436  -1.000000 
 -0.001189  2  326.000000  0.067295  -1.000000  482.000000  0.120436  1.000000 
 -0.001756  2  326.000000  0.067295  1.000000  3231.000000  0.158627  -1.000000 
 0.001269  2  326.000000  0.067295  1.000000  3231.000000  0.158627  1.000000 
 -0.001064  1  1188.000000  0.069873  -1.000000 
 -0.001273  2  1188.000000  0.069873  1.000000  3132.000000  0.184198  1.000000 
 0.001728  3  1188.000000  0.069873  1.000000  3132.000000  0.184198  -1.000000  3825.000000  -0.002989  -1.000000 
 -0.001864  3  1188.000000  0.069873  1.000000  3132.000000  0.184198  -1.000000  3825.000000  -0.002989  1.000000 
 0.002003  2  96.000000  0.434677  -1.000000  3194.000000  0.078739  -1.000000 
 -0.001575  2  96.000000  0.434677  -1.000000  3194.000000  0.078739  1.000000 
 -0.001329  2  96.000000  0.434677  1.000000  102.000000  0.621336  -1.000000 
 0.001183  2  96.000000  0.434677  1.000000  102.000000  0.621336  1.000000 
 -0.001125  2  602.000000  0.195216  -1.000000  2266.000000  0.271430  -1.000000 
 0.001878  2  602.000000  0.195216  -1.000000  2266.000000  0.271430  1.000000 
 0.001516  2  602.000000  0.195216  1.000000  841.000000  0.178519  -1.000000 
 -0.002218  2  602.000000  0.195216  1.000000  841.000000  0.178519  1.000000 
 -0.001313  2  735.000000  0.113648  -1.000000  22.000000  0.003550  -1.000000 
 0.001524  2  735.000000  0.113648  -1.000000  22.000000  0.003550  1.000000 
 0.001473  2  735.000000  0.113648  1.000000  2056.000000  0.160533  -1.000000 
 -0.002466  2  735.000000  0.113648  1.000000  2056.000000  0.160533  1.000000 
 0.001260  2  2802.000000  0.077567  1.000000  2404.000000  0.160669  -1.000000 
 -0.001879  2  2802.000000  0.077567  1.000000  2404.000000  0.160669  1.000000 
 -0.001596  2  2802.000000  0.077567  -1.000000  748.000000  0.315087  -1.000000 
 0.003168  2  2802.000000  0.077567  -1.000000  748.000000  0.315087  1.000000 
 -0.001688  2  2284.000000  0.090912  1.000000  2872.000000  0.163810  -1.000000 
 0.001094  2  2284.000000  0.090912  1.000000  2872.000000  0.163810  1.000000 
 0.001335  2  2284.000000  0.090912  -1.000000  3481.000000  0.080364  -1.000000 
 -0.001637  2  2284.000000  0.090912  -1.000000  3481.000000  0.080364  1.000000 
 -0.001674  2  193.000000  0.004557  1.000000  1903.000000  0.011122  -1.000000 
 0.001527  2  193.000000  0.004557  1.000000  1903.000000  0.011122  1.000000 
 -0.001502  2  193.000000  0.004557  -1.000000  121.000000  0.597221  -1.000000 
 0.000939  2  193.000000  0.004557  -1.000000  121.000000  0.597221  1.000000 
 -0.001969  2  492.000000  0.108108  -1.000000  2382.000000  0.200760  -1.000000 
 0.001009  2  492.000000  0.108108  -1.000000  2382.000000  0.200760  1.000000 
 0.001448  2  492.000000  0.108108  1.000000  760.000000  0.141502  -1.000000 
 -0.002199  2  492.000000  0.108108  1.000000  760.000000  0.141502  1.000000 
 -0.002046  2  747.000000  0.089476  1.000000  2645.000000  0.006022  -1.000000 
 0.001082  2  747.000000  0.089476  1.000000  2645.000000  0.006022  1.000000 
 -0.001623  2  747.000000  0.089476  -1.000000  2875.000000  0.220210  -1.000000 
 0.001639  2  747.000000  0.089476  -1.000000  2875.000000  0.220210  1.000000 
 -0.001098  2  3192.000000  0.014741  1.000000  196.000000  4.727490  -1.000000 
 0.001437  2  3192.000000  0.014741  1.000000  196.000000  4.727490  1.000000 
 0.001563  2  3192.000000  0.014741  -1.000000  886.000000  0.153475  -1.000000 
 -0.001947  2  3192.000000  0.014741  -1.000000  886.000000  0.153475  1.000000 
 -0.001194  2  2634.000000  0.130989  -1.000000  2914.000000  0.222737  -1.000000 
 0.001479  2  2634.000000  0.130989  -1.000000  2914.000000  0.222737  1.000000 
 0.001422  2  2634.000000  0.130989  1.000000  2317.000000  0.167931  -1.000000 
 -0.001522  2  2634.000000  0.130989  1.000000  2317.000000  0.167931  1.000000 
 -0.001616  2  2454.000000  0.046937  1.000000  1184.000000  0.200109  -1.000000 
 0.001260  2  2454.000000  0.046937  1.000000  1184.000000  0.200109  1.000000 
 -0.000995  2  2454.000000  0.046937  -1.000000  2856.000000  0.013116  -1.000000 
 0.001470  2  2454.000000  0.046937  -1.000000  2856.000000  0.013116  1.000000 
 -0.000904  2  1066.000000  0.120820  -1.000000  3361.000000  0.002348  -1.000000 
 0.001271  2  1066.000000  0.120820  -1.000000  3361.000000  0.002348  1.000000 
 -0.001966  2  1066.000000  0.120820  1.000000  2207.000000  0.192588  -1.000000 
 0.001066  2  1066.000000  0.120820  1.000000  2207.000000  0.192588  1.000000 
 0.001475  2  2832.000000  0.037885  -1.000000  1796.000000  0.111539  -1.000000 
 -0.001839  2  2832.000000  0.037885  -1.000000  1796.000000  0.111539  1.000000 
 -0.001418  2  2832.000000  0.037885  1.000000  321.000000  0.172696  -1.000000 
 0.000735  2  2832.000000  0.037885  1.000000  321.000000  0.172696  1.000000 
 0.001175  2  1707.000000  0.141935  1.000000  2044.000000  0.166105  -1.000000 
 -0.002063  2  1707.000000  0.141935  1.000000  2044.000000  0.166105  1.000000 
 -0.001354  2  1707.000000  0.141935  -1.000000  1864.000000  0.254528  -1.000000 
 0.001527  2  1707.000000  0.141935  -1.000000  1864.000000  0.254528  1.000000 
 -0.000947  2  557.000000  0.143246  -1.000000  2413.000000  0.236254  -1.000000 
 0.002033  2  557.000000  0.143246  -1.000000  2413.000000  0.236254  1.000000 
 0.001727  2  557.000000  0.143246  1.000000  2956.000000  0.144578  -1.000000 
 -0.002407  2  557.000000  0.143246  1.000000  2956.000000  0.144578  1.000000 
 0.001595  2  2981.000000  0.155690  1.000000  890.000000  0.167807  -1.000000 
 -0.001110  2  2981.000000  0.155690  1.000000  890.000000  0.167807  1.000000 
 -0.001589  2  2981.000000  0.155690  -1.000000  638.000000  0.272865  -1.000000 
 0.000913  2  2981.000000  0.155690  -1.000000  638.000000  0.272865  1.000000 
 -0.001202  1  700.000000  0.066692  -1.000000 
 0.001376  2  700.000000  0.066692  1.000000  1975.000000  0.094566  -1.000000 
 -0.002027  3  700.000000  0.066692  1.000000  1975.000000  0.094566  1.000000  483.000000  0.182961  -1.000000 
 0.001315  3  700.000000  0.066692  1.000000  1975.000000  0.094566  1.000000  483.000000  0.182961  1.000000 
 -0.001515  2  2461.000000  0.021162  1.000000  3567.000000  0.207155  -1.000000 
 0.001148  2  2461.000000  0.021162  1.000000  3567.000000  0.207155  1.000000 
 0.001340  2  2461.000000  0.021162  -1.000000  403.000000  0.362272  -1.000000 
 -0.047108  2  2461.000000  0.021162  -1.000000  403.000000  0.362272  1.000000 
