 240
  -0.007928  1  43.000000  -0.020461  -1.000000 
 -0.005879  2  43.000000  -0.020461  1.000000  119.000000  0.000802  -1.000000 
 -0.118673  3  43.000000  -0.020461  1.000000  119.000000  0.000802  1.000000  502.000000  -0.000057  -1.000000 
 0.007222  3  43.000000  -0.020461  1.000000  119.000000  0.000802  1.000000  502.000000  -0.000057  1.000000 
 -0.004703  2  44.000000  -0.001213  -1.000000  3.000000  0.074557  -1.000000 
 0.005057  2  44.000000  -0.001213  -1.000000  3.000000  0.074557  1.000000 
 0.004358  2  44.000000  -0.001213  1.000000  78.000000  0.700751  -1.000000 
 -0.003522  2  44.000000  -0.001213  1.000000  78.000000  0.700751  1.000000 
 -0.004216  1  118.000000  0.039521  -1.000000 
 0.003997  2  118.000000  0.039521  1.000000  153.000000  4.611910  -1.000000 
 0.011244  3  118.000000  0.039521  1.000000  153.000000  4.611910  1.000000  1642.000000  0.001982  -1.000000 
 -0.004186  3  118.000000  0.039521  1.000000  153.000000  4.611910  1.000000  1642.000000  0.001982  1.000000 
 0.003613  2  43.000000  -0.006469  1.000000  588.000000  0.157417  -1.000000 
 -0.001953  2  43.000000  -0.006469  1.000000  588.000000  0.157417  1.000000 
 -0.002948  2  43.000000  -0.006469  -1.000000  128.000000  0.057335  -1.000000 
 0.004648  2  43.000000  -0.006469  -1.000000  128.000000  0.057335  1.000000 
 -0.002716  2  539.000000  0.053270  1.000000  1566.000000  0.025554  -1.000000 
 0.003197  2  539.000000  0.053270  1.000000  1566.000000  0.025554  1.000000 
 0.003298  2  539.000000  0.053270  -1.000000  1086.000000  0.000443  -1.000000 
 -0.004184  2  539.000000  0.053270  -1.000000  1086.000000  0.000443  1.000000 
 0.074596  2  694.000000  0.160033  -1.000000  217.000000  -2.120580  -1.000000 
 -0.002207  2  694.000000  0.160033  -1.000000  217.000000  -2.120580  1.000000 
 -0.004785  2  694.000000  0.160033  1.000000  683.000000  0.016059  -1.000000 
 0.002776  2  694.000000  0.160033  1.000000  683.000000  0.016059  1.000000 
 0.002544  2  146.000000  -3.471965  -1.000000  106.000000  0.552795  -1.000000 
 -0.003675  2  146.000000  -3.471965  -1.000000  106.000000  0.552795  1.000000 
 0.005346  2  146.000000  -3.471965  1.000000  93.000000  0.404888  -1.000000 
 -0.003198  2  146.000000  -3.471965  1.000000  93.000000  0.404888  1.000000 
 0.002130  2  88.000000  0.477743  -1.000000  42.000000  0.001170  -1.000000 
 -0.003260  2  88.000000  0.477743  -1.000000  42.000000  0.001170  1.000000 
 -0.001692  2  88.000000  0.477743  1.000000  146.000000  -5.055180  -1.000000 
 0.003715  2  88.000000  0.477743  1.000000  146.000000  -5.055180  1.000000 
 0.002606  1  162.000000  1.180860  -1.000000 
 0.004125  2  162.000000  1.180860  1.000000  1152.000000  0.198219  1.000000 
 0.004170  3  162.000000  1.180860  1.000000  1152.000000  0.198219  -1.000000  1098.000000  0.000001  -1.000000 
 -0.003232  3  162.000000  1.180860  1.000000  1152.000000  0.198219  -1.000000  1098.000000  0.000001  1.000000 
 0.002777  2  1664.000000  0.172802  -1.000000  1223.000000  0.018340  -1.000000 
 -0.002398  2  1664.000000  0.172802  -1.000000  1223.000000  0.018340  1.000000 
 0.003103  2  1664.000000  0.172802  1.000000  1430.000000  0.167733  -1.000000 
 -0.002771  2  1664.000000  0.172802  1.000000  1430.000000  0.167733  1.000000 
 -0.005572  2  1504.000000  0.070720  1.000000  1103.000000  0.029468  -1.000000 
 0.003015  2  1504.000000  0.070720  1.000000  1103.000000  0.029468  1.000000 
 0.003184  2  1504.000000  0.070720  -1.000000  1459.000000  0.001602  -1.000000 
 -0.002629  2  1504.000000  0.070720  -1.000000  1459.000000  0.001602  1.000000 
 -0.002409  2  701.000000  0.130714  1.000000  519.000000  0.056130  -1.000000 
 0.003401  2  701.000000  0.130714  1.000000  519.000000  0.056130  1.000000 
 -0.002391  2  701.000000  0.130714  -1.000000  341.000000  0.155257  -1.000000 
 0.004351  2  701.000000  0.130714  -1.000000  341.000000  0.155257  1.000000 
 0.002879  2  40.000000  -0.006831  1.000000  977.000000  0.121094  -1.000000 
 -0.002484  2  40.000000  -0.006831  1.000000  977.000000  0.121094  1.000000 
 -0.003199  2  40.000000  -0.006831  -1.000000  127.000000  0.297424  -1.000000 
 0.005367  2  40.000000  -0.006831  -1.000000  127.000000  0.297424  1.000000 
 0.003145  2  1131.000000  0.084085  1.000000  1533.000000  0.187337  -1.000000 
 -0.002652  2  1131.000000  0.084085  1.000000  1533.000000  0.187337  1.000000 
 -0.002905  2  1131.000000  0.084085  -1.000000  760.000000  0.181252  -1.000000 
 0.003672  2  1131.000000  0.084085  -1.000000  760.000000  0.181252  1.000000 
 -0.004265  2  65.000000  0.005047  -1.000000  3.000000  0.061165  -1.000000 
 0.004056  2  65.000000  0.005047  -1.000000  3.000000  0.061165  1.000000 
 -0.002869  2  65.000000  0.005047  1.000000  135.000000  0.002677  -1.000000 
 0.003063  2  65.000000  0.005047  1.000000  135.000000  0.002677  1.000000 
 0.002356  2  1159.000000  0.174179  -1.000000  899.000000  0.219035  -1.000000 
 -0.003403  2  1159.000000  0.174179  -1.000000  899.000000  0.219035  1.000000 
 -0.004914  2  1159.000000  0.174179  1.000000  1110.000000  0.128895  -1.000000 
 0.003502  2  1159.000000  0.174179  1.000000  1110.000000  0.128895  1.000000 
 0.003305  2  386.000000  0.078167  1.000000  1579.000000  0.139491  -1.000000 
 -0.002453  2  386.000000  0.078167  1.000000  1579.000000  0.139491  1.000000 
 0.004992  2  386.000000  0.078167  -1.000000  1509.000000  0.000001  -1.000000 
 -0.002345  2  386.000000  0.078167  -1.000000  1509.000000  0.000001  1.000000 
 -0.001715  2  480.000000  0.068529  1.000000  142.000000  49.722950  -1.000000 
 0.003754  2  480.000000  0.068529  1.000000  142.000000  49.722950  1.000000 
 -0.002949  2  480.000000  0.068529  -1.000000  1738.000000  0.094527  -1.000000 
 0.002074  2  480.000000  0.068529  -1.000000  1738.000000  0.094527  1.000000 
 0.002140  1  1179.000000  0.119064  1.000000 
 0.002733  2  1179.000000  0.119064  -1.000000  698.000000  0.000652  -1.000000 
 -0.003402  3  1179.000000  0.119064  -1.000000  698.000000  0.000652  1.000000  1588.000000  0.158591  -1.000000 
 0.005145  3  1179.000000  0.119064  -1.000000  698.000000  0.000652  1.000000  1588.000000  0.158591  1.000000 
 -0.003209  1  211.000000  2.115340  1.000000 
 -0.003003  2  211.000000  2.115340  -1.000000  152.000000  -2.552735  1.000000 
 0.003090  3  211.000000  2.115340  -1.000000  152.000000  -2.552735  -1.000000  1127.000000  0.299304  -1.000000 
 -0.004038  3  211.000000  2.115340  -1.000000  152.000000  -2.552735  -1.000000  1127.000000  0.299304  1.000000 
 -0.003038  2  43.000000  -0.004379  -1.000000  640.000000  0.136824  -1.000000 
 0.002728  2  43.000000  -0.004379  -1.000000  640.000000  0.136824  1.000000 
 -0.004993  2  43.000000  -0.004379  1.000000  4.000000  0.023845  -1.000000 
 0.003590  2  43.000000  -0.004379  1.000000  4.000000  0.023845  1.000000 
 -0.002303  2  620.000000  0.073506  1.000000  1452.000000  0.213459  -1.000000 
 0.003106  2  620.000000  0.073506  1.000000  1452.000000  0.213459  1.000000 
 0.003296  2  620.000000  0.073506  -1.000000  1450.000000  0.171093  -1.000000 
 -0.003432  2  620.000000  0.073506  -1.000000  1450.000000  0.171093  1.000000 
 0.003234  2  128.000000  0.001684  1.000000  152.000000  -2.698950  -1.000000 
 -0.002517  2  128.000000  0.001684  1.000000  152.000000  -2.698950  1.000000 
 0.002306  2  128.000000  0.001684  -1.000000  1062.000000  0.003765  -1.000000 
 -0.003233  2  128.000000  0.001684  -1.000000  1062.000000  0.003765  1.000000 
 0.005794  2  1181.000000  0.134210  -1.000000  1642.000000  0.000098  -1.000000 
 -0.002415  2  1181.000000  0.134210  -1.000000  1642.000000  0.000098  1.000000 
 0.003059  2  1181.000000  0.134210  1.000000  1455.000000  0.342426  -1.000000 
 -0.003232  2  1181.000000  0.134210  1.000000  1455.000000  0.342426  1.000000 
 0.004990  2  68.000000  0.021947  1.000000  107.000000  0.539487  -1.000000 
 -0.003090  2  68.000000  0.021947  1.000000  107.000000  0.539487  1.000000 
 -0.003060  2  68.000000  0.021947  -1.000000  3.000000  0.056545  -1.000000 
 0.002060  2  68.000000  0.021947  -1.000000  3.000000  0.056545  1.000000 
 -0.002536  1  1100.000000  0.135134  1.000000 
 -0.002909  2  1100.000000  0.135134  -1.000000  683.000000  0.237436  1.000000 
 0.003574  3  1100.000000  0.135134  -1.000000  683.000000  0.237436  -1.000000  16.000000  0.008951  -1.000000 
 -0.002622  3  1100.000000  0.135134  -1.000000  683.000000  0.237436  -1.000000  16.000000  0.008951  1.000000 
 0.003838  2  156.000000  1.956145  1.000000  17.000000  0.000138  -1.000000 
 -0.002799  2  156.000000  1.956145  1.000000  17.000000  0.000138  1.000000 
 -0.002888  2  156.000000  1.956145  -1.000000  1545.000000  0.000000  -1.000000 
 0.003712  2  156.000000  1.956145  -1.000000  1545.000000  0.000000  1.000000 
 -0.001991  2  44.000000  -0.002230  1.000000  767.000000  0.048628  -1.000000 
 0.003287  2  44.000000  -0.002230  1.000000  767.000000  0.048628  1.000000 
 -0.003636  2  44.000000  -0.002230  -1.000000  564.000000  0.171683  -1.000000 
 0.005628  2  44.000000  -0.002230  -1.000000  564.000000  0.171683  1.000000 
 0.006124  2  589.000000  0.160362  1.000000  149.000000  -411.115500  -1.000000 
 -0.003486  2  589.000000  0.160362  1.000000  149.000000  -411.115500  1.000000 
 0.002348  2  589.000000  0.160362  -1.000000  459.000000  0.190760  -1.000000 
 -0.003454  2  589.000000  0.160362  -1.000000  459.000000  0.190760  1.000000 
 0.002996  2  986.000000  0.039275  1.000000  1711.000000  0.095511  -1.000000 
 -0.002245  2  986.000000  0.039275  1.000000  1711.000000  0.095511  1.000000 
 0.004476  2  986.000000  0.039275  -1.000000  197.000000  -0.356306  -1.000000 
 -0.003028  2  986.000000  0.039275  -1.000000  197.000000  -0.356306  1.000000 
 -0.002853  2  367.000000  0.119806  1.000000  562.000000  0.115667  -1.000000 
 0.002308  2  367.000000  0.119806  1.000000  562.000000  0.115667  1.000000 
 -0.001722  2  367.000000  0.119806  -1.000000  74.000000  0.433427  -1.000000 
 0.003199  2  367.000000  0.119806  -1.000000  74.000000  0.433427  1.000000 
 -0.003301  2  455.000000  0.043060  1.000000  58.000000  -0.025805  -1.000000 
 0.002626  2  455.000000  0.043060  1.000000  58.000000  -0.025805  1.000000 
 0.008169  2  455.000000  0.043060  -1.000000  1253.000000  0.009146  -1.000000 
 -0.002951  2  455.000000  0.043060  -1.000000  1253.000000  0.009146  1.000000 
 -0.002882  1  145.000000  63.277200  1.000000 
 -0.002917  2  145.000000  63.277200  -1.000000  1212.000000  0.126958  1.000000 
 0.003222  3  145.000000  63.277200  -1.000000  1212.000000  0.126958  -1.000000  1227.000000  0.324678  -1.000000 
 -0.004579  3  145.000000  63.277200  -1.000000  1212.000000  0.126958  -1.000000  1227.000000  0.324678  1.000000 
 0.003003  2  163.000000  0.022861  1.000000  169.000000  1.270665  -1.000000 
 -0.005585  2  163.000000  0.022861  1.000000  169.000000  1.270665  1.000000 
 -0.002531  2  163.000000  0.022861  -1.000000  1413.000000  0.194732  -1.000000 
 0.003671  2  163.000000  0.022861  -1.000000  1413.000000  0.194732  1.000000 
 0.003403  2  44.000000  -0.001028  1.000000  899.000000  0.219179  -1.000000 
 -0.003388  2  44.000000  -0.001028  1.000000  899.000000  0.219179  1.000000 
 -0.003217  2  44.000000  -0.001028  -1.000000  529.000000  0.116104  -1.000000 
 0.001976  2  44.000000  -0.001028  -1.000000  529.000000  0.116104  1.000000 
 -0.002348  2  891.000000  0.158448  -1.000000  109.000000  0.490681  -1.000000 
 0.002369  2  891.000000  0.158448  -1.000000  109.000000  0.490681  1.000000 
 0.003705  2  891.000000  0.158448  1.000000  785.000000  0.190999  -1.000000 
 -0.003043  2  891.000000  0.158448  1.000000  785.000000  0.190999  1.000000 
 -0.002697  2  1550.000000  0.080846  -1.000000  437.000000  0.109541  -1.000000 
 0.004120  2  1550.000000  0.080846  -1.000000  437.000000  0.109541  1.000000 
 0.002860  2  1550.000000  0.080846  1.000000  1396.000000  0.252335  -1.000000 
 -0.004706  2  1550.000000  0.080846  1.000000  1396.000000  0.252335  1.000000 
 0.003143  2  68.000000  0.008853  1.000000  91.000000  0.668960  -1.000000 
 -0.002996  2  68.000000  0.008853  1.000000  91.000000  0.668960  1.000000 
 0.003513  2  68.000000  0.008853  -1.000000  1371.000000  0.025046  -1.000000 
 -0.002764  2  68.000000  0.008853  -1.000000  1371.000000  0.025046  1.000000 
 -0.002530  2  1094.000000  0.095737  -1.000000  168.000000  0.338534  -1.000000 
 0.005545  2  1094.000000  0.095737  -1.000000  168.000000  0.338534  1.000000 
 0.003049  2  1094.000000  0.095737  1.000000  469.000000  0.374931  -1.000000 
 -0.005791  2  1094.000000  0.095737  1.000000  469.000000  0.374931  1.000000 
 0.002251  2  1686.000000  0.061046  -1.000000  907.000000  0.044685  -1.000000 
 -0.003043  2  1686.000000  0.061046  -1.000000  907.000000  0.044685  1.000000 
 -0.001304  2  1686.000000  0.061046  1.000000  928.000000  0.141587  -1.000000 
 0.003273  2  1686.000000  0.061046  1.000000  928.000000  0.141587  1.000000 
 0.002505  2  1611.000000  0.056293  1.000000  995.000000  0.148776  -1.000000 
 -0.003441  2  1611.000000  0.056293  1.000000  995.000000  0.148776  1.000000 
 -0.003368  2  1611.000000  0.056293  -1.000000  1151.000000  0.147032  -1.000000 
 0.003573  2  1611.000000  0.056293  -1.000000  1151.000000  0.147032  1.000000 
 0.004049  2  66.000000  0.010455  1.000000  4.000000  0.049890  -1.000000 
 -0.002150  2  66.000000  0.010455  1.000000  4.000000  0.049890  1.000000 
 -0.003263  2  66.000000  0.010455  -1.000000  967.000000  0.127952  -1.000000 
 0.002995  2  66.000000  0.010455  -1.000000  967.000000  0.127952  1.000000 
 -0.002129  1  570.000000  0.033117  -1.000000 
 -0.005310  2  570.000000  0.033117  1.000000  1753.000000  0.272271  1.000000 
 0.003049  3  570.000000  0.033117  1.000000  1753.000000  0.272271  -1.000000  1034.000000  0.194858  -1.000000 
 -0.003078  3  570.000000  0.033117  1.000000  1753.000000  0.272271  -1.000000  1034.000000  0.194858  1.000000 
 0.002451  2  1207.000000  0.045757  1.000000  706.000000  0.106382  -1.000000 
 -0.002387  2  1207.000000  0.045757  1.000000  706.000000  0.106382  1.000000 
 0.003997  2  1207.000000  0.045757  -1.000000  1225.000000  0.002703  -1.000000 
 -0.003796  2  1207.000000  0.045757  -1.000000  1225.000000  0.002703  1.000000 
 -0.004139  2  49.000000  -0.005639  -1.000000  37.000000  -0.011483  -1.000000 
 0.004046  2  49.000000  -0.005639  -1.000000  37.000000  -0.011483  1.000000 
 0.001044  2  49.000000  -0.005639  1.000000  1071.000000  0.073332  -1.000000 
 -0.003675  2  49.000000  -0.005639  1.000000  1071.000000  0.073332  1.000000 
 0.002235  2  783.000000  0.025012  1.000000  622.000000  0.159763  -1.000000 
 -0.002508  2  783.000000  0.025012  1.000000  622.000000  0.159763  1.000000 
 0.004187  2  783.000000  0.025012  -1.000000  877.000000  0.000002  -1.000000 
 -0.003225  2  783.000000  0.025012  -1.000000  877.000000  0.000002  1.000000 
 -0.002525  2  61.000000  0.004952  1.000000  1255.000000  0.022346  -1.000000 
 0.003176  2  61.000000  0.004952  1.000000  1255.000000  0.022346  1.000000 
 -0.003581  2  61.000000  0.004952  -1.000000  1063.000000  0.135147  -1.000000 
 0.002883  2  61.000000  0.004952  -1.000000  1063.000000  0.135147  1.000000 
 -0.002428  2  1690.000000  0.066773  1.000000  526.000000  0.168606  -1.000000 
 0.004421  2  1690.000000  0.066773  1.000000  526.000000  0.168606  1.000000 
 0.002975  2  1690.000000  0.066773  -1.000000  11.000000  0.008064  -1.000000 
 -0.004006  2  1690.000000  0.066773  -1.000000  11.000000  0.008064  1.000000 
 -0.002885  2  128.000000  0.006434  -1.000000  787.000000  0.223614  -1.000000 
 0.002352  2  128.000000  0.006434  -1.000000  787.000000  0.223614  1.000000 
 0.003755  2  128.000000  0.006434  1.000000  1578.000000  0.199588  -1.000000 
 -0.003592  2  128.000000  0.006434  1.000000  1578.000000  0.199588  1.000000 
 0.003542  2  113.000000  0.465966  1.000000  124.000000  0.483857  -1.000000 
 -0.002464  2  113.000000  0.465966  1.000000  124.000000  0.483857  1.000000 
 -0.002971  2  113.000000  0.465966  -1.000000  677.000000  0.116785  -1.000000 
 0.002560  2  113.000000  0.465966  -1.000000  677.000000  0.116785  1.000000 
 0.002731  2  40.000000  -0.006988  1.000000  133.000000  0.032225  -1.000000 
 -0.002934  2  40.000000  -0.006988  1.000000  133.000000  0.032225  1.000000 
 0.003153  2  40.000000  -0.006988  -1.000000  1407.000000  0.045420  -1.000000 
 -0.003573  2  40.000000  -0.006988  -1.000000  1407.000000  0.045420  1.000000 
 0.002219  2  1722.000000  0.061072  1.000000  47.000000  0.121056  -1.000000 
 -0.004916  2  1722.000000  0.061072  1.000000  47.000000  0.121056  1.000000 
 0.004197  2  1722.000000  0.061072  -1.000000  1249.000000  0.000002  -1.000000 
 -0.004417  2  1722.000000  0.061072  -1.000000  1249.000000  0.000002  1.000000 
 0.002916  2  193.000000  0.000561  -1.000000  1366.000000  0.176415  -1.000000 
 -0.002599  2  193.000000  0.000561  -1.000000  1366.000000  0.176415  1.000000 
 -0.003452  2  193.000000  0.000561  1.000000  3.000000  0.056545  -1.000000 
 0.004082  2  193.000000  0.000561  1.000000  3.000000  0.056545  1.000000 
 -0.003005  1  145.000000  63.277200  1.000000 
 -0.002618  2  145.000000  63.277200  -1.000000  1226.000000  0.156758  1.000000 
 0.003777  3  145.000000  63.277200  -1.000000  1226.000000  0.156758  -1.000000  553.000000  0.323747  -1.000000 
 -0.002394  3  145.000000  63.277200  -1.000000  1226.000000  0.156758  -1.000000  553.000000  0.323747  1.000000 
 -0.002622  2  847.000000  0.072898  -1.000000  39.000000  -0.009536  -1.000000 
 0.003071  2  847.000000  0.072898  -1.000000  39.000000  -0.009536  1.000000 
 0.005463  2  847.000000  0.072898  1.000000  953.000000  0.041251  -1.000000 
 -0.003072  2  847.000000  0.072898  1.000000  953.000000  0.041251  1.000000 
 0.002575  2  1764.000000  0.035557  1.000000  1021.000000  0.222997  -1.000000 
 -0.002942  2  1764.000000  0.035557  1.000000  1021.000000  0.222997  1.000000 
 0.003664  2  1764.000000  0.035557  -1.000000  1078.000000  0.004888  -1.000000 
 -0.003490  2  1764.000000  0.035557  -1.000000  1078.000000  0.004888  1.000000 
 -0.002806  1  1199.000000  0.056326  -1.000000 
 -0.002502  2  1199.000000  0.056326  1.000000  1405.000000  0.231488  1.000000 
 0.003032  3  1199.000000  0.056326  1.000000  1405.000000  0.231488  -1.000000  1679.000000  0.193659  -1.000000 
 -0.003004  3  1199.000000  0.056326  1.000000  1405.000000  0.231488  -1.000000  1679.000000  0.193659  1.000000 
 0.002130  1  701.000000  0.177972  1.000000 
 -0.002332  2  701.000000  0.177972  -1.000000  1225.000000  0.033165  1.000000 
 -0.005036  3  701.000000  0.177972  -1.000000  1225.000000  0.033165  -1.000000  448.000000  0.006543  -1.000000 
 0.005275  3  701.000000  0.177972  -1.000000  1225.000000  0.033165  -1.000000  448.000000  0.006543  1.000000 
 0.002782  2  591.000000  0.193401  -1.000000  848.000000  0.166522  -1.000000 
 -0.003275  2  591.000000  0.193401  -1.000000  848.000000  0.166522  1.000000 
 0.002683  2  591.000000  0.193401  1.000000  298.000000  0.067001  -1.000000 
 -0.003363  2  591.000000  0.193401  1.000000  298.000000  0.067001  1.000000 
 -0.003254  2  846.000000  0.034596  1.000000  249.000000  -0.139943  -1.000000 
 0.002550  2  846.000000  0.034596  1.000000  249.000000  -0.139943  1.000000 
 0.006356  2  846.000000  0.034596  -1.000000  1381.000000  0.001945  -1.000000 
 -0.002735  2  846.000000  0.034596  -1.000000  1381.000000  0.001945  1.000000 
