 480
  0.033251  1  20.000000  0.026167  1.000000 
 0.031637  2  20.000000  0.026167  -1.000000  13.000000  0.026046  1.000000 
 -0.005252  3  20.000000  0.026167  -1.000000  13.000000  0.026046  -1.000000  3219.000000  0.998793  -1.000000 
 0.031637  3  20.000000  0.026167  -1.000000  13.000000  0.026046  -1.000000  3219.000000  0.998793  1.000000 
 -0.002598  1  42.000000  0.001954  -1.000000 
 0.004012  2  42.000000  0.001954  1.000000  121.000000  0.477967  -1.000000 
 -0.038336  3  42.000000  0.001954  1.000000  121.000000  0.477967  1.000000  117.000000  0.206923  -1.000000 
 0.001695  3  42.000000  0.001954  1.000000  121.000000  0.477967  1.000000  117.000000  0.206923  1.000000 
 0.001732  2  152.000000  -3.846110  1.000000  40.000000  -0.002658  -1.000000 
 -0.001612  2  152.000000  -3.846110  1.000000  40.000000  -0.002658  1.000000 
 -0.002295  2  152.000000  -3.846110  -1.000000  1046.000000  0.501779  -1.000000 
 0.002567  2  152.000000  -3.846110  -1.000000  1046.000000  0.501779  1.000000 
 0.000800  2  36.000000  -0.006477  1.000000  178.000000  -3043.710000  -1.000000 
 -0.002008  2  36.000000  -0.006477  1.000000  178.000000  -3043.710000  1.000000 
 0.001982  2  36.000000  -0.006477  -1.000000  736.000000  0.069639  -1.000000 
 -0.000669  2  36.000000  -0.006477  -1.000000  736.000000  0.069639  1.000000 
 -0.001129  2  112.000000  0.448551  -1.000000  3793.000000  0.082988  -1.000000 
 0.001421  2  112.000000  0.448551  -1.000000  3793.000000  0.082988  1.000000 
 -0.001499  2  112.000000  0.448551  1.000000  2521.000000  0.401269  -1.000000 
 0.001599  2  112.000000  0.448551  1.000000  2521.000000  0.401269  1.000000 
 0.001357  2  38.000000  -0.006596  1.000000  34.000000  -0.008077  -1.000000 
 -0.001196  2  38.000000  -0.006596  1.000000  34.000000  -0.008077  1.000000 
 0.001239  2  38.000000  -0.006596  -1.000000  1.000000  0.014562  -1.000000 
 -0.038458  2  38.000000  -0.006596  -1.000000  1.000000  0.014562  1.000000 
 -0.001918  2  1485.000000  0.044178  -1.000000  198.000000  -0.844326  -1.000000 
 0.001173  2  1485.000000  0.044178  -1.000000  198.000000  -0.844326  1.000000 
 -0.001326  2  1485.000000  0.044178  1.000000  3495.000000  0.238502  -1.000000 
 0.001253  2  1485.000000  0.044178  1.000000  3495.000000  0.238502  1.000000 
 -0.001809  2  146.000000  -3.397260  -1.000000  1217.000000  0.323935  -1.000000 
 0.000812  2  146.000000  -3.397260  -1.000000  1217.000000  0.323935  1.000000 
 0.001331  2  146.000000  -3.397260  1.000000  65.000000  0.016157  -1.000000 
 -0.004652  2  146.000000  -3.397260  1.000000  65.000000  0.016157  1.000000 
 0.001174  2  3549.000000  0.065599  1.000000  2538.000000  0.130408  -1.000000 
 -0.001316  2  3549.000000  0.065599  1.000000  2538.000000  0.130408  1.000000 
 -0.001474  2  3549.000000  0.065599  -1.000000  702.000000  0.307200  -1.000000 
 0.001331  2  3549.000000  0.065599  -1.000000  702.000000  0.307200  1.000000 
 -0.002122  2  136.000000  0.008908  -1.000000  307.000000  0.010857  -1.000000 
 0.000915  2  136.000000  0.008908  -1.000000  307.000000  0.010857  1.000000 
 -0.001371  2  136.000000  0.008908  1.000000  3714.000000  0.244499  -1.000000 
 0.001081  2  136.000000  0.008908  1.000000  3714.000000  0.244499  1.000000 
 0.001282  2  121.000000  0.458008  -1.000000  35.000000  -0.004186  -1.000000 
 -0.001292  2  121.000000  0.458008  -1.000000  35.000000  -0.004186  1.000000 
 -0.001389  2  121.000000  0.458008  1.000000  2373.000000  0.463717  -1.000000 
 0.002316  2  121.000000  0.458008  1.000000  2373.000000  0.463717  1.000000 
 0.000943  1  3449.000000  0.000365  -1.000000 
 -0.001247  2  3449.000000  0.000365  1.000000  2925.000000  0.180281  -1.000000 
 -0.001007  3  3449.000000  0.000365  1.000000  2925.000000  0.180281  1.000000  190.000000  0.067389  -1.000000 
 0.002343  3  3449.000000  0.000365  1.000000  2925.000000  0.180281  1.000000  190.000000  0.067389  1.000000 
 -0.001123  1  1679.000000  0.039114  -1.000000 
 -0.001384  2  1679.000000  0.039114  1.000000  3335.000000  0.099302  1.000000 
 0.001595  3  1679.000000  0.039114  1.000000  3335.000000  0.099302  -1.000000  932.000000  0.134043  -1.000000 
 -0.001136  3  1679.000000  0.039114  1.000000  3335.000000  0.099302  -1.000000  932.000000  0.134043  1.000000 
 0.001035  2  43.000000  -0.005855  -1.000000  322.000000  0.253951  -1.000000 
 -0.002141  2  43.000000  -0.005855  -1.000000  322.000000  0.253951  1.000000 
 -0.001254  2  43.000000  -0.005855  1.000000  3533.000000  0.349290  -1.000000 
 0.001080  2  43.000000  -0.005855  1.000000  3533.000000  0.349290  1.000000 
 -0.001155  2  152.000000  -2.768325  -1.000000  1753.000000  0.186113  -1.000000 
 0.001267  2  152.000000  -2.768325  -1.000000  1753.000000  0.186113  1.000000 
 0.001877  2  152.000000  -2.768325  1.000000  84.000000  0.488443  -1.000000 
 -0.037638  2  152.000000  -2.768325  1.000000  84.000000  0.488443  1.000000 
 -0.000845  1  2928.000000  0.065985  1.000000 
 -0.001985  2  2928.000000  0.065985  -1.000000  2577.000000  0.217303  1.000000 
 -0.001903  3  2928.000000  0.065985  -1.000000  2577.000000  0.217303  -1.000000  157.000000  482.239500  -1.000000 
 0.001280  3  2928.000000  0.065985  -1.000000  2577.000000  0.217303  -1.000000  157.000000  482.239500  1.000000 
 -0.000937  2  1557.000000  0.193025  -1.000000  467.000000  0.392104  -1.000000 
 0.001003  2  1557.000000  0.193025  -1.000000  467.000000  0.392104  1.000000 
 0.001480  2  1557.000000  0.193025  1.000000  3014.000000  0.154780  -1.000000 
 -0.002818  2  1557.000000  0.193025  1.000000  3014.000000  0.154780  1.000000 
 -0.001458  1  66.000000  0.010858  1.000000 
 0.001120  2  66.000000  0.010858  -1.000000  126.000000  0.241057  1.000000 
 -0.002444  3  66.000000  0.010858  -1.000000  126.000000  0.241057  -1.000000  2866.000000  0.197823  -1.000000 
 0.001116  3  66.000000  0.010858  -1.000000  126.000000  0.241057  -1.000000  2866.000000  0.197823  1.000000 
 0.001085  1  1498.000000  0.236144  1.000000 
 0.001466  2  1498.000000  0.236144  -1.000000  2739.000000  0.213793  1.000000 
 0.002472  3  1498.000000  0.236144  -1.000000  2739.000000  0.213793  -1.000000  252.000000  -0.367693  -1.000000 
 -0.001135  3  1498.000000  0.236144  -1.000000  2739.000000  0.213793  -1.000000  252.000000  -0.367693  1.000000 
 -0.000915  1  496.000000  0.119522  1.000000 
 -0.001522  2  496.000000  0.119522  -1.000000  1616.000000  0.009777  -1.000000 
 0.001181  3  496.000000  0.119522  -1.000000  1616.000000  0.009777  1.000000  3354.000000  0.204398  -1.000000 
 -0.001640  3  496.000000  0.119522  -1.000000  1616.000000  0.009777  1.000000  3354.000000  0.204398  1.000000 
 0.001417  2  730.000000  0.248036  1.000000  2815.000000  0.148954  -1.000000 
 -0.001673  2  730.000000  0.248036  1.000000  2815.000000  0.148954  1.000000 
 -0.001015  2  730.000000  0.248036  -1.000000  1778.000000  0.238731  -1.000000 
 0.000928  2  730.000000  0.248036  -1.000000  1778.000000  0.238731  1.000000 
 -0.001091  2  40.000000  -0.007388  1.000000  2529.000000  0.244081  -1.000000 
 0.000855  2  40.000000  -0.007388  1.000000  2529.000000  0.244081  1.000000 
 -0.001793  2  40.000000  -0.007388  -1.000000  254.000000  -0.000084  -1.000000 
 0.001576  2  40.000000  -0.007388  -1.000000  254.000000  -0.000084  1.000000 
 -0.001129  1  119.000000  0.060242  1.000000 
 -0.001443  2  119.000000  0.060242  -1.000000  42.000000  0.001072  -1.000000 
 -0.038225  3  119.000000  0.060242  -1.000000  42.000000  0.001072  1.000000  126.000000  0.105741  -1.000000 
 0.001543  3  119.000000  0.060242  -1.000000  42.000000  0.001072  1.000000  126.000000  0.105741  1.000000 
 0.001011  1  1327.000000  0.039219  -1.000000 
 -0.001764  2  1327.000000  0.039219  1.000000  688.000000  0.094090  -1.000000 
 0.001419  3  1327.000000  0.039219  1.000000  688.000000  0.094090  1.000000  3823.000000  -0.003137  -1.000000 
 -0.003023  3  1327.000000  0.039219  1.000000  688.000000  0.094090  1.000000  3823.000000  -0.003137  1.000000 
 -0.001010  1  104.000000  0.478907  1.000000 
 -0.001198  2  104.000000  0.478907  -1.000000  560.000000  0.106015  1.000000 
 -0.001259  3  104.000000  0.478907  -1.000000  560.000000  0.106015  -1.000000  1109.000000  0.011517  -1.000000 
 0.001585  3  104.000000  0.478907  -1.000000  560.000000  0.106015  -1.000000  1109.000000  0.011517  1.000000 
 0.001371  2  20.000000  0.004239  1.000000  891.000000  0.214791  -1.000000 
 -0.001367  2  20.000000  0.004239  1.000000  891.000000  0.214791  1.000000 
 -0.001064  2  20.000000  0.004239  -1.000000  10.000000  0.005211  -1.000000 
 0.001658  2  20.000000  0.004239  -1.000000  10.000000  0.005211  1.000000 
 -0.001059  2  1542.000000  0.155747  -1.000000  1541.000000  0.336917  -1.000000 
 0.001154  2  1542.000000  0.155747  -1.000000  1541.000000  0.336917  1.000000 
 -0.001401  2  1542.000000  0.155747  1.000000  1451.000000  0.031995  -1.000000 
 0.001456  2  1542.000000  0.155747  1.000000  1451.000000  0.031995  1.000000 
 -0.001314  2  152.000000  -3.220170  -1.000000  2123.000000  0.196908  -1.000000 
 0.001274  2  152.000000  -3.220170  -1.000000  2123.000000  0.196908  1.000000 
 0.001127  2  152.000000  -3.220170  1.000000  1017.000000  0.252553  -1.000000 
 -0.003196  2  152.000000  -3.220170  1.000000  1017.000000  0.252553  1.000000 
 -0.001300  2  1105.000000  0.056506  1.000000  1290.000000  0.395867  -1.000000 
 0.001609  2  1105.000000  0.056506  1.000000  1290.000000  0.395867  1.000000 
 -0.001490  2  1105.000000  0.056506  -1.000000  114.000000  0.421941  -1.000000 
 0.001058  2  1105.000000  0.056506  -1.000000  114.000000  0.421941  1.000000 
 -0.001174  2  38.000000  -0.004630  -1.000000  1616.000000  0.017756  -1.000000 
 0.001013  2  38.000000  -0.004630  -1.000000  1616.000000  0.017756  1.000000 
 -0.001601  2  38.000000  -0.004630  1.000000  885.000000  0.192611  -1.000000 
 0.001324  2  38.000000  -0.004630  1.000000  885.000000  0.192611  1.000000 
 -0.001227  2  3180.000000  0.035795  1.000000  3305.000000  0.342483  -1.000000 
 0.001513  2  3180.000000  0.035795  1.000000  3305.000000  0.342483  1.000000 
 0.001462  2  3180.000000  0.035795  -1.000000  2198.000000  0.035239  -1.000000 
 -0.000552  2  3180.000000  0.035795  -1.000000  2198.000000  0.035239  1.000000 
 -0.001040  2  143.000000  -3.228430  -1.000000  3195.000000  0.264802  -1.000000 
 0.001353  2  143.000000  -3.228430  -1.000000  3195.000000  0.264802  1.000000 
 0.001595  2  143.000000  -3.228430  1.000000  35.000000  -0.001749  -1.000000 
 -0.001579  2  143.000000  -3.228430  1.000000  35.000000  -0.001749  1.000000 
 0.000823  2  1439.000000  0.079382  1.000000  27.000000  -0.004808  -1.000000 
 -0.001370  2  1439.000000  0.079382  1.000000  27.000000  -0.004808  1.000000 
 -0.000996  2  1439.000000  0.079382  -1.000000  2763.000000  0.070931  -1.000000 
 0.001549  2  1439.000000  0.079382  -1.000000  2763.000000  0.070931  1.000000 
 0.001026  2  3827.000000  0.067779  1.000000  112.000000  0.431068  -1.000000 
 -0.001353  2  3827.000000  0.067779  1.000000  112.000000  0.431068  1.000000 
 0.001161  2  3827.000000  0.067779  -1.000000  43.000000  -0.003523  -1.000000 
 -0.001554  2  3827.000000  0.067779  -1.000000  43.000000  -0.003523  1.000000 
 -0.001295  2  2317.000000  0.131163  1.000000  3261.000000  0.041816  -1.000000 
 0.001198  2  2317.000000  0.131163  1.000000  3261.000000  0.041816  1.000000 
 -0.001193  2  2317.000000  0.131163  -1.000000  1706.000000  0.331427  -1.000000 
 0.001334  2  2317.000000  0.131163  -1.000000  1706.000000  0.331427  1.000000 
 -0.000772  2  1328.000000  0.082805  -1.000000  1581.000000  0.007449  -1.000000 
 0.001223  2  1328.000000  0.082805  -1.000000  1581.000000  0.007449  1.000000 
 -0.001422  2  1328.000000  0.082805  1.000000  2351.000000  0.245744  -1.000000 
 0.001780  2  1328.000000  0.082805  1.000000  2351.000000  0.245744  1.000000 
 -0.001596  1  641.000000  0.111522  1.000000 
 -0.001990  2  641.000000  0.111522  -1.000000  354.000000  0.196018  1.000000 
 0.001142  3  641.000000  0.111522  -1.000000  354.000000  0.196018  -1.000000  3443.000000  0.107430  -1.000000 
 -0.001080  3  641.000000  0.111522  -1.000000  354.000000  0.196018  -1.000000  3443.000000  0.107430  1.000000 
 0.001078  2  192.000000  0.012961  1.000000  1988.000000  0.151315  -1.000000 
 -0.001436  2  192.000000  0.012961  1.000000  1988.000000  0.151315  1.000000 
 -0.001458  2  192.000000  0.012961  -1.000000  2043.000000  0.244752  -1.000000 
 0.001552  2  192.000000  0.012961  -1.000000  2043.000000  0.244752  1.000000 
 0.001208  2  3024.000000  0.002163  -1.000000  1613.000000  0.113496  -1.000000 
 -0.001053  2  3024.000000  0.002163  -1.000000  1613.000000  0.113496  1.000000 
 -0.001152  2  3024.000000  0.002163  1.000000  164.000000  0.120978  -1.000000 
 0.000978  2  3024.000000  0.002163  1.000000  164.000000  0.120978  1.000000 
 -0.001142  1  43.000000  -0.005207  1.000000 
 -0.001014  2  43.000000  -0.005207  -1.000000  155.000000  -4.015785  -1.000000 
 -0.001979  3  43.000000  -0.005207  -1.000000  155.000000  -4.015785  1.000000  3797.000000  -0.108441  -1.000000 
 0.001865  3  43.000000  -0.005207  -1.000000  155.000000  -4.015785  1.000000  3797.000000  -0.108441  1.000000 
 0.001139  2  2203.000000  0.111889  1.000000  1447.000000  0.168979  -1.000000 
 -0.001188  2  2203.000000  0.111889  1.000000  1447.000000  0.168979  1.000000 
 -0.001436  2  2203.000000  0.111889  -1.000000  1723.000000  0.369995  -1.000000 
 0.001188  2  2203.000000  0.111889  -1.000000  1723.000000  0.369995  1.000000 
 -0.001750  2  3219.000000  0.123992  -1.000000  1046.000000  0.000045  -1.000000 
 0.001119  2  3219.000000  0.123992  -1.000000  1046.000000  0.000045  1.000000 
 0.000767  2  3219.000000  0.123992  1.000000  1891.000000  0.023535  -1.000000 
 -0.001554  2  3219.000000  0.123992  1.000000  1891.000000  0.023535  1.000000 
 0.000760  2  35.000000  -0.007513  1.000000  124.000000  0.401107  -1.000000 
 -0.001231  2  35.000000  -0.007513  1.000000  124.000000  0.401107  1.000000 
 0.001914  2  35.000000  -0.007513  -1.000000  2650.000000  0.074143  -1.000000 
 -0.001115  2  35.000000  -0.007513  -1.000000  2650.000000  0.074143  1.000000 
 -0.000865  1  2261.000000  0.059952  -1.000000 
 -0.001800  2  2261.000000  0.059952  1.000000  3035.000000  0.262130  1.000000 
 -0.002217  3  2261.000000  0.059952  1.000000  3035.000000  0.262130  -1.000000  109.000000  0.418825  -1.000000 
 0.001193  3  2261.000000  0.059952  1.000000  3035.000000  0.262130  -1.000000  109.000000  0.418825  1.000000 
 -0.001327  2  170.000000  0.064704  -1.000000  2548.000000  0.157287  -1.000000 
 0.000679  2  170.000000  0.064704  -1.000000  2548.000000  0.157287  1.000000 
 0.001248  2  170.000000  0.064704  1.000000  3406.000000  0.075109  -1.000000 
 -0.001242  2  170.000000  0.064704  1.000000  3406.000000  0.075109  1.000000 
 -0.000947  1  119.000000  0.060242  1.000000 
 0.001375  2  119.000000  0.060242  -1.000000  404.000000  0.141218  1.000000 
 0.001045  3  119.000000  0.060242  -1.000000  404.000000  0.141218  -1.000000  38.000000  -0.007476  -1.000000 
 -0.002733  3  119.000000  0.060242  -1.000000  404.000000  0.141218  -1.000000  38.000000  -0.007476  1.000000 
 -0.001046  1  452.000000  0.068770  1.000000 
 -0.002064  2  452.000000  0.068770  -1.000000  970.000000  0.132630  1.000000 
 0.001344  3  452.000000  0.068770  -1.000000  970.000000  0.132630  -1.000000  1016.000000  0.188420  -1.000000 
 -0.002960  3  452.000000  0.068770  -1.000000  970.000000  0.132630  -1.000000  1016.000000  0.188420  1.000000 
 -0.001605  2  143.000000  -3.487285  -1.000000  1409.000000  0.168006  -1.000000 
 0.001031  2  143.000000  -3.487285  -1.000000  1409.000000  0.168006  1.000000 
 0.001219  2  143.000000  -3.487285  1.000000  43.000000  -0.001792  -1.000000 
 -0.038167  2  143.000000  -3.487285  1.000000  43.000000  -0.001792  1.000000 
 0.001343  2  916.000000  0.099936  1.000000  903.000000  0.124887  -1.000000 
 -0.000818  2  916.000000  0.099936  1.000000  903.000000  0.124887  1.000000 
 -0.001339  2  916.000000  0.099936  -1.000000  1243.000000  0.266698  -1.000000 
 0.001301  2  916.000000  0.099936  -1.000000  1243.000000  0.266698  1.000000 
 0.001461  2  18.000000  0.004627  -1.000000  101.000000  0.444749  -1.000000 
 -0.001184  2  18.000000  0.004627  -1.000000  101.000000  0.444749  1.000000 
 0.001161  2  18.000000  0.004627  1.000000  1946.000000  0.140171  -1.000000 
 -0.002519  2  18.000000  0.004627  1.000000  1946.000000  0.140171  1.000000 
 -0.001175  2  61.000000  -0.000559  -1.000000  1518.000000  0.047876  -1.000000 
 0.001306  2  61.000000  -0.000559  -1.000000  1518.000000  0.047876  1.000000 
 -0.001769  2  61.000000  -0.000559  1.000000  3456.000000  0.165658  -1.000000 
 0.000796  2  61.000000  -0.000559  1.000000  3456.000000  0.165658  1.000000 
 -0.001346  2  1309.000000  0.062260  1.000000  2862.000000  0.232674  -1.000000 
 0.002430  2  1309.000000  0.062260  1.000000  2862.000000  0.232674  1.000000 
 0.001127  2  1309.000000  0.062260  -1.000000  2577.000000  0.266000  -1.000000 
 -0.003055  2  1309.000000  0.062260  -1.000000  2577.000000  0.266000  1.000000 
 -0.001118  1  3827.000000  0.069814  1.000000 
 -0.003206  2  3827.000000  0.069814  -1.000000  775.000000  0.183785  1.000000 
 0.001139  3  3827.000000  0.069814  -1.000000  775.000000  0.183785  -1.000000  2647.000000  0.152341  -1.000000 
 -0.001348  3  3827.000000  0.069814  -1.000000  775.000000  0.183785  -1.000000  2647.000000  0.152341  1.000000 
 -0.001489  1  2122.000000  0.151741  1.000000 
 -0.001071  2  2122.000000  0.151741  -1.000000  2386.000000  0.000015  -1.000000 
 0.001341  3  2122.000000  0.151741  -1.000000  2386.000000  0.000015  1.000000  3691.000000  0.116048  -1.000000 
 -0.001374  3  2122.000000  0.151741  -1.000000  2386.000000  0.000015  1.000000  3691.000000  0.116048  1.000000 
 -0.001218  2  1733.000000  0.170730  -1.000000  456.000000  0.113619  -1.000000 
 0.000673  2  1733.000000  0.170730  -1.000000  456.000000  0.113619  1.000000 
 0.001467  2  1733.000000  0.170730  1.000000  2156.000000  0.143972  -1.000000 
 -0.001333  2  1733.000000  0.170730  1.000000  2156.000000  0.143972  1.000000 
 0.001417  2  43.000000  -0.006311  -1.000000  118.000000  0.052292  -1.000000 
 -0.001607  2  43.000000  -0.006311  -1.000000  118.000000  0.052292  1.000000 
 -0.001447  2  43.000000  -0.006311  1.000000  757.000000  0.460340  -1.000000 
 0.001208  2  43.000000  -0.006311  1.000000  757.000000  0.460340  1.000000 
 0.000825  2  2356.000000  0.077164  -1.000000  3003.000000  0.002620  -1.000000 
 -0.001772  2  2356.000000  0.077164  -1.000000  3003.000000  0.002620  1.000000 
 -0.001108  2  2356.000000  0.077164  1.000000  449.000000  0.034417  -1.000000 
 0.001322  2  2356.000000  0.077164  1.000000  449.000000  0.034417  1.000000 
 0.002079  2  155.000000  -3.139230  -1.000000  679.000000  -0.000001  -1.000000 
 -0.000953  2  155.000000  -3.139230  -1.000000  679.000000  -0.000001  1.000000 
 0.001472  2  155.000000  -3.139230  1.000000  169.000000  0.027378  -1.000000 
 -0.001852  2  155.000000  -3.139230  1.000000  169.000000  0.027378  1.000000 
 -0.001439  2  1788.000000  0.093395  -1.000000  730.000000  0.362915  -1.000000 
 0.000871  2  1788.000000  0.093395  -1.000000  730.000000  0.362915  1.000000 
 -0.000942  2  1788.000000  0.093395  1.000000  510.000000  0.054740  -1.000000 
 0.001479  2  1788.000000  0.093395  1.000000  510.000000  0.054740  1.000000 
 0.000965  2  210.000000  -2.604025  1.000000  40.000000  -0.003266  -1.000000 
 -0.001022  2  210.000000  -2.604025  1.000000  40.000000  -0.003266  1.000000 
 -0.001725  2  210.000000  -2.604025  -1.000000  649.000000  0.233799  -1.000000 
 0.001407  2  210.000000  -2.604025  -1.000000  649.000000  0.233799  1.000000 
 -0.000884  1  2364.000000  0.130074  1.000000 
 -0.001327  2  2364.000000  0.130074  -1.000000  66.000000  0.010862  1.000000 
 -0.000945  3  2364.000000  0.130074  -1.000000  66.000000  0.010862  -1.000000  42.000000  0.001070  -1.000000 
 0.001656  3  2364.000000  0.130074  -1.000000  66.000000  0.010862  -1.000000  42.000000  0.001070  1.000000 
 -0.001091  1  116.000000  0.454060  1.000000 
 -0.001448  2  116.000000  0.454060  -1.000000  1445.000000  0.045315  -1.000000 
 0.001637  3  116.000000  0.454060  -1.000000  1445.000000  0.045315  1.000000  508.000000  0.147367  -1.000000 
 -0.000985  3  116.000000  0.454060  -1.000000  1445.000000  0.045315  1.000000  508.000000  0.147367  1.000000 
 0.001234  2  498.000000  0.107187  -1.000000  3602.000000  0.158975  -1.000000 
 -0.001158  2  498.000000  0.107187  -1.000000  3602.000000  0.158975  1.000000 
 -0.001463  2  498.000000  0.107187  1.000000  2925.000000  0.236897  -1.000000 
 0.001520  2  498.000000  0.107187  1.000000  2925.000000  0.236897  1.000000 
 0.000909  1  40.000000  -0.007637  -1.000000 
 0.001000  2  40.000000  -0.007637  1.000000  1046.000000  0.205142  1.000000 
 -0.001968  3  40.000000  -0.007637  1.000000  1046.000000  0.205142  -1.000000  24.000000  0.005733  -1.000000 
 0.001617  3  40.000000  -0.007637  1.000000  1046.000000  0.205142  -1.000000  24.000000  0.005733  1.000000 
 -0.001155  1  2726.000000  0.153151  1.000000 
 0.001092  2  2726.000000  0.153151  -1.000000  152.000000  -3.902635  1.000000 
 -0.003675  3  2726.000000  0.153151  -1.000000  152.000000  -3.902635  -1.000000  1055.000000  0.207797  -1.000000 
 0.001098  3  2726.000000  0.153151  -1.000000  152.000000  -3.902635  -1.000000  1055.000000  0.207797  1.000000 
 -0.001032  1  119.000000  0.060242  1.000000 
 0.001414  2  119.000000  0.060242  -1.000000  18.000000  0.002009  1.000000 
 -0.001877  3  119.000000  0.060242  -1.000000  18.000000  0.002009  -1.000000  16.000000  0.003393  -1.000000 
 0.001605  3  119.000000  0.060242  -1.000000  18.000000  0.002009  -1.000000  16.000000  0.003393  1.000000 
 -0.001352  2  2168.000000  0.185090  -1.000000  520.000000  0.175069  -1.000000 
 0.001078  2  2168.000000  0.185090  -1.000000  520.000000  0.175069  1.000000 
 0.001407  2  2168.000000  0.185090  1.000000  2445.000000  0.154002  -1.000000 
 -0.001601  2  2168.000000  0.185090  1.000000  2445.000000  0.154002  1.000000 
 -0.001081  2  1881.000000  0.157468  -1.000000  1898.000000  0.358015  -1.000000 
 0.001648  2  1881.000000  0.157468  -1.000000  1898.000000  0.358015  1.000000 
 0.002155  2  1881.000000  0.157468  1.000000  1128.000000  0.111834  -1.000000 
 -0.000692  2  1881.000000  0.157468  1.000000  1128.000000  0.111834  1.000000 
 0.001531  2  140.000000  0.005066  -1.000000  2783.000000  0.261460  -1.000000 
 -0.001265  2  140.000000  0.005066  -1.000000  2783.000000  0.261460  1.000000 
 -0.001150  2  140.000000  0.005066  1.000000  1422.000000  0.217394  -1.000000 
 0.001626  2  140.000000  0.005066  1.000000  1422.000000  0.217394  1.000000 
 0.000948  2  1419.000000  0.135612  -1.000000  523.000000  0.190076  -1.000000 
 -0.002808  2  1419.000000  0.135612  -1.000000  523.000000  0.190076  1.000000 
 -0.001645  2  1419.000000  0.135612  1.000000  1977.000000  0.245418  -1.000000 
 0.000924  2  1419.000000  0.135612  1.000000  1977.000000  0.245418  1.000000 
 -0.001139  2  3669.000000  0.150823  -1.000000  2023.000000  0.144305  -1.000000 
 0.000688  2  3669.000000  0.150823  -1.000000  2023.000000  0.144305  1.000000 
 0.001256  2  3669.000000  0.150823  1.000000  1760.000000  0.256281  -1.000000 
 -0.003728  2  3669.000000  0.150823  1.000000  1760.000000  0.256281  1.000000 
 0.001092  2  1955.000000  0.027949  1.000000  203.000000  0.232654  -1.000000 
 -0.000936  2  1955.000000  0.027949  1.000000  203.000000  0.232654  1.000000 
 -0.003854  2  1955.000000  0.027949  -1.000000  757.000000  0.049598  -1.000000 
 0.001796  2  1955.000000  0.027949  -1.000000  757.000000  0.049598  1.000000 
 -0.001196  2  200.000000  -0.257455  -1.000000  1118.000000  0.185434  -1.000000 
 0.000700  2  200.000000  -0.257455  -1.000000  1118.000000  0.185434  1.000000 
 -0.001614  2  200.000000  -0.257455  1.000000  75.000000  0.397895  -1.000000 
 0.001589  2  200.000000  -0.257455  1.000000  75.000000  0.397895  1.000000 
 -0.001206  2  24.000000  0.004556  -1.000000  10.000000  0.004937  -1.000000 
 0.001370  2  24.000000  0.004556  -1.000000  10.000000  0.004937  1.000000 
 0.001341  2  24.000000  0.004556  1.000000  3354.000000  0.186391  -1.000000 
 -0.001717  2  24.000000  0.004556  1.000000  3354.000000  0.186391  1.000000 
 -0.001205  1  165.000000  0.039269  1.000000 
 -0.001058  2  165.000000  0.039269  -1.000000  2955.000000  0.104382  1.000000 
 0.001451  3  165.000000  0.039269  -1.000000  2955.000000  0.104382  -1.000000  90.000000  0.472796  -1.000000 
 -0.001088  3  165.000000  0.039269  -1.000000  2955.000000  0.104382  -1.000000  90.000000  0.472796  1.000000 
 -0.001132  2  1498.000000  0.189543  -1.000000  2139.000000  0.284527  -1.000000 
 0.001305  2  1498.000000  0.189543  -1.000000  2139.000000  0.284527  1.000000 
 -0.001728  2  1498.000000  0.189543  1.000000  2870.000000  0.000514  -1.000000 
 0.001440  2  1498.000000  0.189543  1.000000  2870.000000  0.000514  1.000000 
 0.001159  2  545.000000  0.092241  1.000000  2149.000000  0.142375  -1.000000 
 -0.001036  2  545.000000  0.092241  1.000000  2149.000000  0.142375  1.000000 
 0.000608  2  545.000000  0.092241  -1.000000  2571.000000  0.003069  -1.000000 
 -0.001532  2  545.000000  0.092241  -1.000000  2571.000000  0.003069  1.000000 
 -0.001167  2  118.000000  0.040038  1.000000  3088.000000  0.253186  -1.000000 
 0.001224  2  118.000000  0.040038  1.000000  3088.000000  0.253186  1.000000 
 0.001340  2  118.000000  0.040038  -1.000000  1756.000000  0.128018  -1.000000 
 -0.001527  2  118.000000  0.040038  -1.000000  1756.000000  0.128018  1.000000 
 0.001144  2  1835.000000  0.080671  -1.000000  2118.000000  0.179134  -1.000000 
 -0.001692  2  1835.000000  0.080671  -1.000000  2118.000000  0.179134  1.000000 
 0.000958  2  1835.000000  0.080671  1.000000  14.000000  -0.000089  -1.000000 
 -0.001414  2  1835.000000  0.080671  1.000000  14.000000  -0.000089  1.000000 
 -0.001000  2  1811.000000  0.130802  -1.000000  1706.000000  0.489903  -1.000000 
 0.002171  2  1811.000000  0.130802  -1.000000  1706.000000  0.489903  1.000000 
 0.001156  2  1811.000000  0.130802  1.000000  2563.000000  0.197049  -1.000000 
 -0.001532  2  1811.000000  0.130802  1.000000  2563.000000  0.197049  1.000000 
 -0.000846  1  118.000000  0.047595  1.000000 
 -0.001336  2  118.000000  0.047595  -1.000000  43.000000  -0.005062  1.000000 
 0.001822  3  118.000000  0.047595  -1.000000  43.000000  -0.005062  -1.000000  4.000000  0.049184  -1.000000 
 -0.001742  3  118.000000  0.047595  -1.000000  43.000000  -0.005062  -1.000000  4.000000  0.049184  1.000000 
 -0.001567  2  113.000000  0.448347  -1.000000  2178.000000  0.035030  -1.000000 
 0.001505  2  113.000000  0.448347  -1.000000  2178.000000  0.035030  1.000000 
 -0.001210  2  113.000000  0.448347  1.000000  2589.000000  0.361560  -1.000000 
 0.001919  2  113.000000  0.448347  1.000000  2589.000000  0.361560  1.000000 
 0.000882  1  3697.000000  0.144437  1.000000 
 0.002009  2  3697.000000  0.144437  -1.000000  2551.000000  0.366557  1.000000 
 -0.001306  3  3697.000000  0.144437  -1.000000  2551.000000  0.366557  -1.000000  487.000000  0.261151  -1.000000 
 0.002329  3  3697.000000  0.144437  -1.000000  2551.000000  0.366557  -1.000000  487.000000  0.261151  1.000000 
 -0.001465  2  3045.000000  0.098090  -1.000000  1616.000000  0.000031  -1.000000 
 0.001010  2  3045.000000  0.098090  -1.000000  1616.000000  0.000031  1.000000 
 -0.001462  2  3045.000000  0.098090  1.000000  2402.000000  0.447206  -1.000000 
 0.001577  2  3045.000000  0.098090  1.000000  2402.000000  0.447206  1.000000 
 -0.000775  1  3155.000000  0.037574  1.000000 
 0.001542  2  3155.000000  0.037574  -1.000000  43.000000  -0.005866  -1.000000 
 0.002028  3  3155.000000  0.037574  -1.000000  43.000000  -0.005866  1.000000  97.000000  0.411808  -1.000000 
 -0.001501  3  3155.000000  0.037574  -1.000000  43.000000  -0.005866  1.000000  97.000000  0.411808  1.000000 
 -0.001269  2  61.000000  -0.000559  1.000000  7.000000  1.202815  -1.000000 
 0.001665  2  61.000000  -0.000559  1.000000  7.000000  1.202815  1.000000 
 -0.001592  2  61.000000  -0.000559  -1.000000  2097.000000  0.018702  -1.000000 
 0.001125  2  61.000000  -0.000559  -1.000000  2097.000000  0.018702  1.000000 
 -0.001331  2  3417.000000  0.010742  1.000000  143.000000  -2.822590  -1.000000 
 0.000759  2  3417.000000  0.010742  1.000000  143.000000  -2.822590  1.000000 
 0.001141  2  3417.000000  0.010742  -1.000000  171.000000  0.283978  -1.000000 
 -0.038052  2  3417.000000  0.010742  -1.000000  171.000000  0.283978  1.000000 
 -0.001895  2  792.000000  0.090768  1.000000  1519.000000  0.152654  -1.000000 
 0.000821  2  792.000000  0.090768  1.000000  1519.000000  0.152654  1.000000 
 0.000987  2  792.000000  0.090768  -1.000000  140.000000  0.011771  -1.000000 
 -0.001115  2  792.000000  0.090768  -1.000000  140.000000  0.011771  1.000000 
 -0.001201  2  1412.000000  0.139176  -1.000000  2159.000000  0.032719  -1.000000 
 0.001055  2  1412.000000  0.139176  -1.000000  2159.000000  0.032719  1.000000 
 0.001356  2  1412.000000  0.139176  1.000000  384.000000  0.000000  -1.000000 
 -0.001479  2  1412.000000  0.139176  1.000000  384.000000  0.000000  1.000000 
 0.001181  2  2942.000000  0.067406  -1.000000  1776.000000  0.014321  -1.000000 
 -0.001387  2  2942.000000  0.067406  -1.000000  1776.000000  0.014321  1.000000 
 -0.000935  2  2942.000000  0.067406  1.000000  3807.000000  -0.108969  -1.000000 
 0.001176  2  2942.000000  0.067406  1.000000  3807.000000  -0.108969  1.000000 
 0.001135  2  681.000000  0.047053  -1.000000  267.000000  0.195227  -1.000000 
 -0.001370  2  681.000000  0.047053  -1.000000  267.000000  0.195227  1.000000 
 -0.001094  2  681.000000  0.047053  1.000000  152.000000  -2.253125  -1.000000 
 0.001757  2  681.000000  0.047053  1.000000  152.000000  -2.253125  1.000000 
 0.001648  2  43.000000  -0.006706  -1.000000  119.000000  0.061458  -1.000000 
 -0.001387  2  43.000000  -0.006706  -1.000000  119.000000  0.061458  1.000000 
 -0.001392  2  43.000000  -0.006706  1.000000  423.000000  0.143834  -1.000000 
 0.000813  2  43.000000  -0.006706  1.000000  423.000000  0.143834  1.000000 
 0.001075  1  1417.000000  0.162323  1.000000 
 0.001383  2  1417.000000  0.162323  -1.000000  3016.000000  0.274367  1.000000 
 -0.001396  3  1417.000000  0.162323  -1.000000  3016.000000  0.274367  -1.000000  1461.000000  0.187200  -1.000000 
 0.001113  3  1417.000000  0.162323  -1.000000  3016.000000  0.274367  -1.000000  1461.000000  0.187200  1.000000 
 -0.000930  2  2317.000000  0.243974  -1.000000  3176.000000  0.215654  -1.000000 
 0.000969  2  2317.000000  0.243974  -1.000000  3176.000000  0.215654  1.000000 
 -0.001875  2  2317.000000  0.243974  1.000000  2932.000000  0.016849  -1.000000 
 0.001839  2  2317.000000  0.243974  1.000000  2932.000000  0.016849  1.000000 
 0.001284  2  21.000000  0.002978  1.000000  2559.000000  0.163410  -1.000000 
 -0.001131  2  21.000000  0.002978  1.000000  2559.000000  0.163410  1.000000 
 -0.001573  2  21.000000  0.002978  -1.000000  167.000000  0.087481  -1.000000 
 0.000715  2  21.000000  0.002978  -1.000000  167.000000  0.087481  1.000000 
 0.001055  2  192.000000  0.000760  1.000000  2577.000000  0.197935  -1.000000 
 -0.001305  2  192.000000  0.000760  1.000000  2577.000000  0.197935  1.000000 
 -0.001617  2  192.000000  0.000760  -1.000000  251.000000  0.267771  -1.000000 
 0.001857  2  192.000000  0.000760  -1.000000  251.000000  0.267771  1.000000 
 -0.001836  1  126.000000  0.236208  -1.000000 
 -0.001137  2  126.000000  0.236208  1.000000  1140.000000  0.152135  1.000000 
 0.001277  3  126.000000  0.236208  1.000000  1140.000000  0.152135  -1.000000  570.000000  0.125715  -1.000000 
 -0.001307  3  126.000000  0.236208  1.000000  1140.000000  0.152135  -1.000000  570.000000  0.125715  1.000000 
 -0.001025  1  3752.000000  0.106742  1.000000 
 -0.001479  2  3752.000000  0.106742  -1.000000  3472.000000  0.421717  1.000000 
 -0.001965  3  3752.000000  0.106742  -1.000000  3472.000000  0.421717  -1.000000  461.000000  0.000189  -1.000000 
 0.001344  3  3752.000000  0.106742  -1.000000  3472.000000  0.421717  -1.000000  461.000000  0.000189  1.000000 
 0.001046  2  43.000000  -0.005855  -1.000000  61.000000  0.015586  -1.000000 
 -0.001775  2  43.000000  -0.005855  -1.000000  61.000000  0.015586  1.000000 
 -0.001350  2  43.000000  -0.005855  1.000000  2002.000000  0.342815  -1.000000 
 0.001312  2  43.000000  -0.005855  1.000000  2002.000000  0.342815  1.000000 
 -0.001238  2  2775.000000  0.133963  -1.000000  152.000000  -2.744275  -1.000000 
 0.000974  2  2775.000000  0.133963  -1.000000  152.000000  -2.744275  1.000000 
 -0.002488  2  2775.000000  0.133963  1.000000  2055.000000  0.006939  -1.000000 
 0.001330  2  2775.000000  0.133963  1.000000  2055.000000  0.006939  1.000000 
 0.001035  1  2306.000000  0.021249  -1.000000 
 0.001416  2  2306.000000  0.021249  1.000000  2961.000000  0.200117  1.000000 
 -0.001283  3  2306.000000  0.021249  1.000000  2961.000000  0.200117  -1.000000  848.000000  0.216735  -1.000000 
 0.001828  3  2306.000000  0.021249  1.000000  2961.000000  0.200117  -1.000000  848.000000  0.216735  1.000000 
 -0.000946  1  376.000000  0.141043  -1.000000 
 -0.001438  2  376.000000  0.141043  1.000000  2581.000000  0.150876  1.000000 
 -0.001863  3  376.000000  0.141043  1.000000  2581.000000  0.150876  -1.000000  2168.000000  0.073406  -1.000000 
 0.001690  3  376.000000  0.141043  1.000000  2581.000000  0.150876  -1.000000  2168.000000  0.073406  1.000000 
 0.000635  2  15.000000  0.003592  -1.000000  628.000000  0.047554  -1.000000 
 -0.001188  2  15.000000  0.003592  -1.000000  628.000000  0.047554  1.000000 
 0.001601  2  15.000000  0.003592  1.000000  794.000000  0.197811  -1.000000 
 -0.002161  2  15.000000  0.003592  1.000000  794.000000  0.197811  1.000000 
 -0.001100  2  115.000000  0.441905  1.000000  468.000000  0.396205  -1.000000 
 0.000963  2  115.000000  0.441905  1.000000  468.000000  0.396205  1.000000 
 0.001237  2  115.000000  0.441905  -1.000000  510.000000  0.162396  -1.000000 
 -0.001623  2  115.000000  0.441905  -1.000000  510.000000  0.162396  1.000000 
 0.001528  2  143.000000  -3.516505  1.000000  2694.000000  0.096500  -1.000000 
 -0.000964  2  143.000000  -3.516505  1.000000  2694.000000  0.096500  1.000000 
 -0.001365  2  143.000000  -3.516505  -1.000000  1616.000000  0.243876  -1.000000 
 0.001598  2  143.000000  -3.516505  -1.000000  1616.000000  0.243876  1.000000 
 0.001119  2  3670.000000  0.155829  1.000000  2000.000000  0.155285  -1.000000 
 -0.001973  2  3670.000000  0.155829  1.000000  2000.000000  0.155285  1.000000 
 -0.001115  2  3670.000000  0.155829  -1.000000  1143.000000  0.219840  -1.000000 
 0.001039  2  3670.000000  0.155829  -1.000000  1143.000000  0.219840  1.000000 
 0.000957  2  24.000000  0.002367  1.000000  983.000000  0.641795  -1.000000 
 -0.005346  2  24.000000  0.002367  1.000000  983.000000  0.641795  1.000000 
 -0.001624  2  24.000000  0.002367  -1.000000  3549.000000  0.246147  -1.000000 
 0.001153  2  24.000000  0.002367  -1.000000  3549.000000  0.246147  1.000000 
 -0.001021  2  34.000000  -0.007436  1.000000  788.000000  0.335615  -1.000000 
 0.002039  2  34.000000  -0.007436  1.000000  788.000000  0.335615  1.000000 
 0.001444  2  34.000000  -0.007436  -1.000000  913.000000  0.191815  -1.000000 
 -0.001107  2  34.000000  -0.007436  -1.000000  913.000000  0.191815  1.000000 
 -0.001348  2  686.000000  0.063330  1.000000  3683.000000  0.033109  -1.000000 
 0.001278  2  686.000000  0.063330  1.000000  3683.000000  0.033109  1.000000 
 0.005091  2  686.000000  0.063330  -1.000000  3039.000000  -0.000019  -1.000000 
 -0.001144  2  686.000000  0.063330  -1.000000  3039.000000  -0.000019  1.000000 
 0.001335  2  3803.000000  -0.104178  1.000000  1162.000000  0.172282  -1.000000 
 -0.000851  2  3803.000000  -0.104178  1.000000  1162.000000  0.172282  1.000000 
 -0.001710  2  3803.000000  -0.104178  -1.000000  3611.000000  0.171385  -1.000000 
 0.000800  2  3803.000000  -0.104178  -1.000000  3611.000000  0.171385  1.000000 
 0.001213  2  1237.000000  0.177014  1.000000  2328.000000  0.115727  -1.000000 
 -0.001574  2  1237.000000  0.177014  1.000000  2328.000000  0.115727  1.000000 
 -0.001537  2  1237.000000  0.177014  -1.000000  2973.000000  0.126593  -1.000000 
 0.000890  2  1237.000000  0.177014  -1.000000  2973.000000  0.126593  1.000000 
 0.001166  2  947.000000  0.108190  1.000000  3170.000000  0.006567  -1.000000 
 -0.001577  2  947.000000  0.108190  1.000000  3170.000000  0.006567  1.000000 
 -0.001265  2  947.000000  0.108190  -1.000000  892.000000  0.017841  -1.000000 
 0.001310  2  947.000000  0.108190  -1.000000  892.000000  0.017841  1.000000 
 0.001191  2  3187.000000  0.037950  -1.000000  974.000000  0.122775  -1.000000 
 -0.000773  2  3187.000000  0.037950  -1.000000  974.000000  0.122775  1.000000 
 -0.001323  2  3187.000000  0.037950  1.000000  1039.000000  0.263578  -1.000000 
 0.001097  2  3187.000000  0.037950  1.000000  1039.000000  0.263578  1.000000 
 -0.001146  1  43.000000  -0.005207  1.000000 
 -0.001012  2  43.000000  -0.005207  -1.000000  155.000000  -4.141815  -1.000000 
 -0.002254  3  43.000000  -0.005207  -1.000000  155.000000  -4.141815  1.000000  1827.000000  0.000051  -1.000000 
 0.001540  3  43.000000  -0.005207  -1.000000  155.000000  -4.141815  1.000000  1827.000000  0.000051  1.000000 
 -0.001295  2  1363.000000  0.067490  -1.000000  2529.000000  0.044746  -1.000000 
 0.001424  2  1363.000000  0.067490  -1.000000  2529.000000  0.044746  1.000000 
 -0.001387  2  1363.000000  0.067490  1.000000  2248.000000  0.347508  -1.000000 
 0.002453  2  1363.000000  0.067490  1.000000  2248.000000  0.347508  1.000000 
 -0.001106  2  3003.000000  0.003695  1.000000  3693.000000  0.097977  -1.000000 
 0.001193  2  3003.000000  0.003695  1.000000  3693.000000  0.097977  1.000000 
 -0.000947  2  3003.000000  0.003695  -1.000000  21.000000  0.002116  -1.000000 
 0.001866  2  3003.000000  0.003695  -1.000000  21.000000  0.002116  1.000000 
 0.001490  2  146.000000  -3.290415  1.000000  3404.000000  0.051432  -1.000000 
 -0.001218  2  146.000000  -3.290415  1.000000  3404.000000  0.051432  1.000000 
 -0.001450  2  146.000000  -3.290415  -1.000000  3725.000000  0.136106  -1.000000 
 0.000708  2  146.000000  -3.290415  -1.000000  3725.000000  0.136106  1.000000 
 -0.000890  1  1907.000000  0.081790  -1.000000 
 0.001270  2  1907.000000  0.081790  1.000000  2789.000000  0.125070  -1.000000 
 -0.003045  3  1907.000000  0.081790  1.000000  2789.000000  0.125070  1.000000  1240.000000  0.154474  -1.000000 
 0.002578  3  1907.000000  0.081790  1.000000  2789.000000  0.125070  1.000000  1240.000000  0.154474  1.000000 
 0.001248  1  3028.000000  0.217188  1.000000 
 -0.001241  2  3028.000000  0.217188  -1.000000  77.000000  0.455512  1.000000 
 0.001491  3  3028.000000  0.217188  -1.000000  77.000000  0.455512  -1.000000  3183.000000  0.149840  -1.000000 
 -0.001419  3  3028.000000  0.217188  -1.000000  77.000000  0.455512  -1.000000  3183.000000  0.149840  1.000000 
 0.001138  2  745.000000  0.061531  -1.000000  726.000000  0.105229  -1.000000 
 -0.001604  2  745.000000  0.061531  -1.000000  726.000000  0.105229  1.000000 
 -0.001369  2  745.000000  0.061531  1.000000  808.000000  0.276086  -1.000000 
 0.001915  2  745.000000  0.061531  1.000000  808.000000  0.276086  1.000000 
