 600
  -0.006133  1  177.000000  923.781500  -1.000000 
 0.002303  2  177.000000  923.781500  1.000000  3827.000000  0.102084  1.000000 
 0.033682  3  177.000000  923.781500  1.000000  3827.000000  0.102084  -1.000000  93.000000  0.391917  -1.000000 
 -0.035890  3  177.000000  923.781500  1.000000  3827.000000  0.102084  -1.000000  93.000000  0.391917  1.000000 
 -0.004760  1  118.000000  0.093019  -1.000000 
 -0.022009  2  118.000000  0.093019  1.000000  2426.000000  0.129740  1.000000 
 0.002605  3  118.000000  0.093019  1.000000  2426.000000  0.129740  -1.000000  3344.000000  0.145626  -1.000000 
 -0.037814  3  118.000000  0.093019  1.000000  2426.000000  0.129740  -1.000000  3344.000000  0.145626  1.000000 
 -0.002833  2  179.000000  286.665500  1.000000  180.000000  -1208.340000  -1.000000 
 0.002241  2  179.000000  286.665500  1.000000  180.000000  -1208.340000  1.000000 
 -0.001872  2  179.000000  286.665500  -1.000000  11.000000  0.008404  -1.000000 
 0.001544  2  179.000000  286.665500  -1.000000  11.000000  0.008404  1.000000 
 0.002094  2  132.000000  0.011511  -1.000000  2741.000000  0.060985  -1.000000 
 -0.002982  2  132.000000  0.011511  -1.000000  2741.000000  0.060985  1.000000 
 -0.001992  2  132.000000  0.011511  1.000000  468.000000  0.640280  -1.000000 
 0.001556  2  132.000000  0.011511  1.000000  468.000000  0.640280  1.000000 
 -0.001134  1  1379.000000  0.068229  1.000000 
 -0.001341  2  1379.000000  0.068229  -1.000000  6.000000  9.763230  -1.000000 
 0.002239  3  1379.000000  0.068229  -1.000000  6.000000  9.763230  1.000000  2859.000000  0.074530  -1.000000 
 -0.001768  3  1379.000000  0.068229  -1.000000  6.000000  9.763230  1.000000  2859.000000  0.074530  1.000000 
 -0.001818  1  11.000000  0.000693  -1.000000 
 -0.000982  2  11.000000  0.000693  1.000000  831.000000  0.040408  -1.000000 
 0.001679  3  11.000000  0.000693  1.000000  831.000000  0.040408  1.000000  3077.000000  0.095385  -1.000000 
 -0.001271  3  11.000000  0.000693  1.000000  831.000000  0.040408  1.000000  3077.000000  0.095385  1.000000 
 -0.001995  2  159.000000  134.409000  -1.000000  29.000000  0.000315  -1.000000 
 0.001459  2  159.000000  134.409000  -1.000000  29.000000  0.000315  1.000000 
 -0.000985  2  159.000000  134.409000  1.000000  1872.000000  0.018193  -1.000000 
 0.001403  2  159.000000  134.409000  1.000000  1872.000000  0.018193  1.000000 
 -0.001153  1  390.000000  0.024821  -1.000000 
 -0.000973  2  390.000000  0.024821  1.000000  363.000000  0.090698  1.000000 
 -0.001284  3  390.000000  0.024821  1.000000  363.000000  0.090698  -1.000000  3687.000000  0.049367  -1.000000 
 0.002103  3  390.000000  0.024821  1.000000  363.000000  0.090698  -1.000000  3687.000000  0.049367  1.000000 
 -0.001299  2  1661.000000  0.000014  1.000000  2764.000000  0.265501  -1.000000 
 0.001120  2  1661.000000  0.000014  1.000000  2764.000000  0.265501  1.000000 
 -0.001926  2  1661.000000  0.000014  -1.000000  117.000000  0.129243  -1.000000 
 0.001504  2  1661.000000  0.000014  -1.000000  117.000000  0.129243  1.000000 
 0.001146  2  350.000000  0.034217  1.000000  2447.000000  0.093321  -1.000000 
 -0.001369  2  350.000000  0.034217  1.000000  2447.000000  0.093321  1.000000 
 -0.002029  2  350.000000  0.034217  -1.000000  3001.000000  0.422279  -1.000000 
 0.001098  2  350.000000  0.034217  -1.000000  3001.000000  0.422279  1.000000 
 -0.000964  1  192.000000  -0.064784  1.000000 
 -0.001036  2  192.000000  -0.064784  -1.000000  1295.000000  0.095865  1.000000 
 0.001505  3  192.000000  -0.064784  -1.000000  1295.000000  0.095865  -1.000000  1417.000000  0.198910  -1.000000 
 -0.001419  3  192.000000  -0.064784  -1.000000  1295.000000  0.095865  -1.000000  1417.000000  0.198910  1.000000 
 -0.001398  2  675.000000  0.190619  1.000000  484.000000  0.017173  -1.000000 
 0.001352  2  675.000000  0.190619  1.000000  484.000000  0.017173  1.000000 
 -0.001375  2  675.000000  0.190619  -1.000000  3522.000000  0.268362  -1.000000 
 0.000936  2  675.000000  0.190619  -1.000000  3522.000000  0.268362  1.000000 
 0.001098  2  1106.000000  0.075823  1.000000  3196.000000  0.109462  -1.000000 
 -0.001359  2  1106.000000  0.075823  1.000000  3196.000000  0.109462  1.000000 
 -0.001219  2  1106.000000  0.075823  -1.000000  339.000000  0.726285  -1.000000 
 0.001216  2  1106.000000  0.075823  -1.000000  339.000000  0.726285  1.000000 
 0.001232  2  1182.000000  0.082735  1.000000  695.000000  0.200309  -1.000000 
 -0.001396  2  1182.000000  0.082735  1.000000  695.000000  0.200309  1.000000 
 -0.001323  2  1182.000000  0.082735  -1.000000  29.000000  0.000581  -1.000000 
 0.001383  2  1182.000000  0.082735  -1.000000  29.000000  0.000581  1.000000 
 -0.000906  2  1009.000000  0.162795  1.000000  2477.000000  0.052263  -1.000000 
 0.001507  2  1009.000000  0.162795  1.000000  2477.000000  0.052263  1.000000 
 0.000338  2  1009.000000  0.162795  -1.000000  2612.000000  0.000015  -1.000000 
 -0.001650  2  1009.000000  0.162795  -1.000000  2612.000000  0.000015  1.000000 
 -0.000837  1  132.000000  0.011871  1.000000 
 -0.002492  2  132.000000  0.011871  -1.000000  3831.000000  0.079369  -1.000000 
 0.002060  3  132.000000  0.011871  -1.000000  3831.000000  0.079369  1.000000  1068.000000  0.087818  -1.000000 
 -0.000693  3  132.000000  0.011871  -1.000000  3831.000000  0.079369  1.000000  1068.000000  0.087818  1.000000 
 0.001578  2  94.000000  0.475973  -1.000000  1744.000000  0.089573  -1.000000 
 -0.001682  2  94.000000  0.475973  -1.000000  1744.000000  0.089573  1.000000 
 -0.001452  2  94.000000  0.475973  1.000000  2765.000000  0.258333  -1.000000 
 0.000787  2  94.000000  0.475973  1.000000  2765.000000  0.258333  1.000000 
 -0.000909  1  2129.000000  0.073728  -1.000000 
 -0.001058  2  2129.000000  0.073728  1.000000  27.000000  -0.001618  -1.000000 
 0.001372  3  2129.000000  0.073728  1.000000  27.000000  -0.001618  1.000000  604.000000  0.130693  -1.000000 
 -0.004354  3  2129.000000  0.073728  1.000000  27.000000  -0.001618  1.000000  604.000000  0.130693  1.000000 
 0.000982  2  2052.000000  0.058724  1.000000  2946.000000  0.173205  -1.000000 
 -0.001879  2  2052.000000  0.058724  1.000000  2946.000000  0.173205  1.000000 
 -0.001598  2  2052.000000  0.058724  -1.000000  127.000000  0.424548  -1.000000 
 0.002577  2  2052.000000  0.058724  -1.000000  127.000000  0.424548  1.000000 
 0.001139  2  159.000000  134.409000  1.000000  8.000000  1.161935  -1.000000 
 -0.001047  2  159.000000  134.409000  1.000000  8.000000  1.161935  1.000000 
 -0.001552  2  159.000000  134.409000  -1.000000  1462.000000  0.201386  -1.000000 
 0.000827  2  159.000000  134.409000  -1.000000  1462.000000  0.201386  1.000000 
 -0.000963  1  3572.000000  0.138729  1.000000 
 -0.001153  2  3572.000000  0.138729  -1.000000  5.000000  9.685410  -1.000000 
 0.001394  3  3572.000000  0.138729  -1.000000  5.000000  9.685410  1.000000  3234.000000  0.376545  -1.000000 
 -0.002074  3  3572.000000  0.138729  -1.000000  5.000000  9.685410  1.000000  3234.000000  0.376545  1.000000 
 0.001128  1  1541.000000  0.324994  1.000000 
 0.001285  2  1541.000000  0.324994  -1.000000  1201.000000  0.325961  1.000000 
 -0.001421  3  1541.000000  0.324994  -1.000000  1201.000000  0.325961  -1.000000  3643.000000  0.297280  -1.000000 
 0.001518  3  1541.000000  0.324994  -1.000000  1201.000000  0.325961  -1.000000  3643.000000  0.297280  1.000000 
 -0.001049  2  1408.000000  0.023458  1.000000  3768.000000  0.304443  -1.000000 
 0.001683  2  1408.000000  0.023458  1.000000  3768.000000  0.304443  1.000000 
 0.001293  2  1408.000000  0.023458  -1.000000  1399.000000  0.154891  -1.000000 
 -0.002943  2  1408.000000  0.023458  -1.000000  1399.000000  0.154891  1.000000 
 -0.001659  2  2114.000000  0.104667  1.000000  404.000000  0.161634  -1.000000 
 0.001453  2  2114.000000  0.104667  1.000000  404.000000  0.161634  1.000000 
 0.000607  2  2114.000000  0.104667  -1.000000  1874.000000  0.007959  -1.000000 
 -0.001413  2  2114.000000  0.104667  -1.000000  1874.000000  0.007959  1.000000 
 0.001284  2  3350.000000  0.120271  -1.000000  2501.000000  0.000080  -1.000000 
 -0.001399  2  3350.000000  0.120271  -1.000000  2501.000000  0.000080  1.000000 
 -0.002342  2  3350.000000  0.120271  1.000000  1804.000000  0.005937  -1.000000 
 0.001200  2  3350.000000  0.120271  1.000000  1804.000000  0.005937  1.000000 
 -0.001324  2  46.000000  0.096332  -1.000000  2728.000000  0.408493  -1.000000 
 0.000982  2  46.000000  0.096332  -1.000000  2728.000000  0.408493  1.000000 
 0.001306  2  46.000000  0.096332  1.000000  829.000000  0.064866  -1.000000 
 -0.001209  2  46.000000  0.096332  1.000000  829.000000  0.064866  1.000000 
 -0.001512  1  4.000000  0.027278  -1.000000 
 -0.001191  2  4.000000  0.027278  1.000000  48.000000  0.007339  -1.000000 
 0.001237  3  4.000000  0.027278  1.000000  48.000000  0.007339  1.000000  1833.000000  0.200865  -1.000000 
 -0.003374  3  4.000000  0.027278  1.000000  48.000000  0.007339  1.000000  1833.000000  0.200865  1.000000 
 0.001137  1  1553.000000  0.094935  1.000000 
 -0.001347  2  1553.000000  0.094935  -1.000000  3379.000000  0.000113  1.000000 
 -0.002029  3  1553.000000  0.094935  -1.000000  3379.000000  0.000113  -1.000000  59.000000  0.039582  -1.000000 
 0.001405  3  1553.000000  0.094935  -1.000000  3379.000000  0.000113  -1.000000  59.000000  0.039582  1.000000 
 0.001358  2  2113.000000  0.098194  1.000000  3359.000000  0.165947  -1.000000 
 -0.000974  2  2113.000000  0.098194  1.000000  3359.000000  0.165947  1.000000 
 -0.001173  2  2113.000000  0.098194  -1.000000  441.000000  0.499808  -1.000000 
 0.001407  2  2113.000000  0.098194  -1.000000  441.000000  0.499808  1.000000 
 -0.001531  2  1476.000000  0.028010  -1.000000  2965.000000  0.004795  -1.000000 
 0.001066  2  1476.000000  0.028010  -1.000000  2965.000000  0.004795  1.000000 
 -0.001385  2  1476.000000  0.028010  1.000000  3101.000000  0.199893  -1.000000 
 0.001199  2  1476.000000  0.028010  1.000000  3101.000000  0.199893  1.000000 
 -0.001036  2  1828.000000  0.224546  -1.000000  29.000000  0.000552  -1.000000 
 0.001222  2  1828.000000  0.224546  -1.000000  29.000000  0.000552  1.000000 
 0.001126  2  1828.000000  0.224546  1.000000  3259.000000  0.052697  -1.000000 
 -0.002473  2  1828.000000  0.224546  1.000000  3259.000000  0.052697  1.000000 
 0.001074  2  1137.000000  0.086751  -1.000000  2521.000000  0.000500  -1.000000 
 -0.001096  2  1137.000000  0.086751  -1.000000  2521.000000  0.000500  1.000000 
 -0.001186  2  1137.000000  0.086751  1.000000  2363.000000  0.108954  -1.000000 
 0.001666  2  1137.000000  0.086751  1.000000  2363.000000  0.108954  1.000000 
 0.001178  2  2572.000000  0.057760  -1.000000  1380.000000  0.087417  -1.000000 
 -0.000770  2  2572.000000  0.057760  -1.000000  1380.000000  0.087417  1.000000 
 -0.001691  2  2572.000000  0.057760  1.000000  2437.000000  0.391594  -1.000000 
 0.001130  2  2572.000000  0.057760  1.000000  2437.000000  0.391594  1.000000 
 -0.001124  2  150.000000  583.950000  -1.000000  2443.000000  0.178919  -1.000000 
 0.001013  2  150.000000  583.950000  -1.000000  2443.000000  0.178919  1.000000 
 -0.003082  2  150.000000  583.950000  1.000000  2569.000000  0.001847  -1.000000 
 0.001474  2  150.000000  583.950000  1.000000  2569.000000  0.001847  1.000000 
 -0.001075  2  132.000000  0.013019  -1.000000  3287.000000  0.057496  -1.000000 
 0.000980  2  132.000000  0.013019  -1.000000  3287.000000  0.057496  1.000000 
 -0.001386  2  132.000000  0.013019  1.000000  2850.000000  0.237843  -1.000000 
 0.002395  2  132.000000  0.013019  1.000000  2850.000000  0.237843  1.000000 
 -0.000981  2  2322.000000  0.035455  1.000000  2018.000000  0.203785  -1.000000 
 0.001324  2  2322.000000  0.035455  1.000000  2018.000000  0.203785  1.000000 
 0.001333  2  2322.000000  0.035455  -1.000000  3591.000000  0.328163  -1.000000 
 -0.002474  2  2322.000000  0.035455  -1.000000  3591.000000  0.328163  1.000000 
 -0.001176  1  3196.000000  0.051728  1.000000 
 -0.002270  2  3196.000000  0.051728  -1.000000  4.000000  0.021364  -1.000000 
 -0.001232  3  3196.000000  0.051728  -1.000000  4.000000  0.021364  1.000000  54.000000  -0.000001  -1.000000 
 0.001241  3  3196.000000  0.051728  -1.000000  4.000000  0.021364  1.000000  54.000000  -0.000001  1.000000 
 -0.001282  1  412.000000  0.084281  -1.000000 
 -0.001304  2  412.000000  0.084281  1.000000  51.000000  0.006644  -1.000000 
 0.001181  3  412.000000  0.084281  1.000000  51.000000  0.006644  1.000000  893.000000  0.216760  -1.000000 
 -0.001540  3  412.000000  0.084281  1.000000  51.000000  0.006644  1.000000  893.000000  0.216760  1.000000 
 0.001175  2  880.000000  0.042877  -1.000000  1294.000000  0.071047  -1.000000 
 -0.001935  2  880.000000  0.042877  -1.000000  1294.000000  0.071047  1.000000 
 -0.001404  2  880.000000  0.042877  1.000000  1758.000000  0.113867  -1.000000 
 0.000765  2  880.000000  0.042877  1.000000  1758.000000  0.113867  1.000000 
 -0.001202  1  8.000000  1.161835  1.000000 
 -0.000942  2  8.000000  1.161835  -1.000000  18.000000  0.001232  -1.000000 
 0.001467  3  8.000000  1.161835  -1.000000  18.000000  0.001232  1.000000  1339.000000  0.107901  -1.000000 
 -0.001907  3  8.000000  1.161835  -1.000000  18.000000  0.001232  1.000000  1339.000000  0.107901  1.000000 
 0.001012  2  883.000000  0.031755  1.000000  1016.000000  0.103028  -1.000000 
 -0.001259  2  883.000000  0.031755  1.000000  1016.000000  0.103028  1.000000 
 -0.001366  2  883.000000  0.031755  -1.000000  2082.000000  0.148527  -1.000000 
 0.001069  2  883.000000  0.031755  -1.000000  2082.000000  0.148527  1.000000 
 0.001002  2  192.000000  -0.066725  -1.000000  88.000000  0.676122  -1.000000 
 -0.001401  2  192.000000  -0.066725  -1.000000  88.000000  0.676122  1.000000 
 -0.001381  2  192.000000  -0.066725  1.000000  845.000000  0.244046  -1.000000 
 0.001847  2  192.000000  -0.066725  1.000000  845.000000  0.244046  1.000000 
 0.001189  2  3040.000000  0.062256  -1.000000  524.000000  0.114721  -1.000000 
 -0.001414  2  3040.000000  0.062256  -1.000000  524.000000  0.114721  1.000000 
 0.002422  2  3040.000000  0.062256  1.000000  182.000000  -0.232948  -1.000000 
 -0.001061  2  3040.000000  0.062256  1.000000  182.000000  -0.232948  1.000000 
 0.001138  2  4.000000  0.029148  1.000000  3822.000000  -0.003934  -1.000000 
 -0.001095  2  4.000000  0.029148  1.000000  3822.000000  -0.003934  1.000000 
 -0.001625  2  4.000000  0.029148  -1.000000  2476.000000  0.343765  -1.000000 
 0.002195  2  4.000000  0.029148  -1.000000  2476.000000  0.343765  1.000000 
 -0.001028  2  1634.000000  0.000027  1.000000  2666.000000  0.226400  -1.000000 
 0.001531  2  1634.000000  0.000027  1.000000  2666.000000  0.226400  1.000000 
 0.001406  2  1634.000000  0.000027  -1.000000  346.000000  0.107220  -1.000000 
 -0.005330  2  1634.000000  0.000027  -1.000000  346.000000  0.107220  1.000000 
 0.001094  2  1976.000000  0.088800  1.000000  3821.000000  -0.004289  -1.000000 
 -0.000855  2  1976.000000  0.088800  1.000000  3821.000000  -0.004289  1.000000 
 -0.001862  2  1976.000000  0.088800  -1.000000  17.000000  0.005137  -1.000000 
 0.001271  2  1976.000000  0.088800  -1.000000  17.000000  0.005137  1.000000 
 -0.000942  2  580.000000  0.169637  -1.000000  126.000000  0.905828  -1.000000 
 0.001416  2  580.000000  0.169637  -1.000000  126.000000  0.905828  1.000000 
 -0.001491  2  580.000000  0.169637  1.000000  319.000000  0.032523  -1.000000 
 0.001879  2  580.000000  0.169637  1.000000  319.000000  0.032523  1.000000 
 -0.001301  1  834.000000  0.104210  1.000000 
 -0.001714  2  834.000000  0.104210  -1.000000  928.000000  0.048189  -1.000000 
 0.001136  3  834.000000  0.104210  -1.000000  928.000000  0.048189  1.000000  1411.000000  0.261473  -1.000000 
 -0.002274  3  834.000000  0.104210  -1.000000  928.000000  0.048189  1.000000  1411.000000  0.261473  1.000000 
 -0.001220  2  2072.000000  0.095570  -1.000000  439.000000  0.264858  -1.000000 
 0.000790  2  2072.000000  0.095570  -1.000000  439.000000  0.264858  1.000000 
 0.001366  2  2072.000000  0.095570  1.000000  733.000000  0.079334  -1.000000 
 -0.001065  2  2072.000000  0.095570  1.000000  733.000000  0.079334  1.000000 
 -0.001008  1  2719.000000  0.067364  1.000000 
 -0.001729  2  2719.000000  0.067364  -1.000000  3518.000000  0.136645  1.000000 
 -0.001328  3  2719.000000  0.067364  -1.000000  3518.000000  0.136645  -1.000000  2.000000  0.148178  -1.000000 
 0.001463  3  2719.000000  0.067364  -1.000000  3518.000000  0.136645  -1.000000  2.000000  0.148178  1.000000 
 -0.001384  1  58.000000  0.029828  -1.000000 
 -0.001597  2  58.000000  0.029828  1.000000  3235.000000  0.001430  -1.000000 
 0.001235  3  58.000000  0.029828  1.000000  3235.000000  0.001430  1.000000  1058.000000  0.201805  -1.000000 
 -0.003311  3  58.000000  0.029828  1.000000  3235.000000  0.001430  1.000000  1058.000000  0.201805  1.000000 
 -0.001655  2  2939.000000  0.022394  1.000000  766.000000  0.140974  -1.000000 
 0.000783  2  2939.000000  0.022394  1.000000  766.000000  0.140974  1.000000 
 -0.001507  2  2939.000000  0.022394  -1.000000  2162.000000  -0.000001  -1.000000 
 0.001165  2  2939.000000  0.022394  -1.000000  2162.000000  -0.000001  1.000000 
 0.000990  2  3449.000000  0.005243  -1.000000  2255.000000  0.155938  -1.000000 
 -0.000929  2  3449.000000  0.005243  -1.000000  2255.000000  0.155938  1.000000 
 -0.001647  2  3449.000000  0.005243  1.000000  1201.000000  0.366237  -1.000000 
 0.001435  2  3449.000000  0.005243  1.000000  1201.000000  0.366237  1.000000 
 -0.000906  1  2190.000000  0.056137  -1.000000 
 -0.002018  2  2190.000000  0.056137  1.000000  2670.000000  0.188919  1.000000 
 -0.001121  3  2190.000000  0.056137  1.000000  2670.000000  0.188919  -1.000000  2304.000000  0.015990  -1.000000 
 0.001512  3  2190.000000  0.056137  1.000000  2670.000000  0.188919  -1.000000  2304.000000  0.015990  1.000000 
 -0.000901  1  159.000000  141.127000  -1.000000 
 -0.001719  2  159.000000  141.127000  1.000000  1367.000000  0.207540  1.000000 
 0.001492  3  159.000000  141.127000  1.000000  1367.000000  0.207540  -1.000000  1518.000000  0.255032  -1.000000 
 -0.001844  3  159.000000  141.127000  1.000000  1367.000000  0.207540  -1.000000  1518.000000  0.255032  1.000000 
 -0.002358  1  2749.000000  0.200412  1.000000 
 0.001038  2  2749.000000  0.200412  -1.000000  2624.000000  0.032598  -1.000000 
 0.001709  3  2749.000000  0.200412  -1.000000  2624.000000  0.032598  1.000000  70.000000  0.489794  -1.000000 
 -0.001561  3  2749.000000  0.200412  -1.000000  2624.000000  0.032598  1.000000  70.000000  0.489794  1.000000 
 0.001060  1  3825.000000  -0.005135  -1.000000 
 0.000584  2  3825.000000  -0.005135  1.000000  2562.000000  0.132227  1.000000 
 -0.001591  3  3825.000000  -0.005135  1.000000  2562.000000  0.132227  -1.000000  44.000000  0.000279  -1.000000 
 0.001236  3  3825.000000  -0.005135  1.000000  2562.000000  0.132227  -1.000000  44.000000  0.000279  1.000000 
 -0.001101  2  583.000000  0.023040  1.000000  3784.000000  0.182883  -1.000000 
 0.001084  2  583.000000  0.023040  1.000000  3784.000000  0.182883  1.000000 
 0.001085  2  583.000000  0.023040  -1.000000  3562.000000  0.151890  -1.000000 
 -0.003518  2  583.000000  0.023040  -1.000000  3562.000000  0.151890  1.000000 
 -0.001391  2  809.000000  0.017822  -1.000000  1671.000000  0.231171  -1.000000 
 0.001002  2  809.000000  0.017822  -1.000000  1671.000000  0.231171  1.000000 
 0.001027  2  809.000000  0.017822  1.000000  3801.000000  -0.118375  -1.000000 
 -0.002464  2  809.000000  0.017822  1.000000  3801.000000  -0.118375  1.000000 
 0.001329  2  97.000000  0.509591  -1.000000  2428.000000  0.022960  -1.000000 
 -0.000682  2  97.000000  0.509591  -1.000000  2428.000000  0.022960  1.000000 
 -0.001837  2  97.000000  0.509591  1.000000  165.000000  0.324983  -1.000000 
 0.001140  2  97.000000  0.509591  1.000000  165.000000  0.324983  1.000000 
 -0.001199  1  2440.000000  0.081879  -1.000000 
 -0.001694  2  2440.000000  0.081879  1.000000  3559.000000  0.159555  1.000000 
 0.001309  3  2440.000000  0.081879  1.000000  3559.000000  0.159555  -1.000000  2005.000000  0.211759  -1.000000 
 -0.002081  3  2440.000000  0.081879  1.000000  3559.000000  0.159555  -1.000000  2005.000000  0.211759  1.000000 
 0.000431  2  1827.000000  0.298303  -1.000000  2745.000000  0.019706  -1.000000 
 -0.001497  2  1827.000000  0.298303  -1.000000  2745.000000  0.019706  1.000000 
 -0.004116  2  1827.000000  0.298303  1.000000  3134.000000  0.000016  -1.000000 
 0.001328  2  1827.000000  0.298303  1.000000  3134.000000  0.000016  1.000000 
 -0.000945  2  2930.000000  0.086725  -1.000000  3254.000000  0.527606  -1.000000 
 0.001342  2  2930.000000  0.086725  -1.000000  3254.000000  0.527606  1.000000 
 0.001454  2  2930.000000  0.086725  1.000000  1298.000000  0.156500  -1.000000 
 -0.001636  2  2930.000000  0.086725  1.000000  1298.000000  0.156500  1.000000 
 -0.000750  1  2884.000000  0.053461  -1.000000 
 -0.001907  2  2884.000000  0.053461  1.000000  66.000000  0.004929  -1.000000 
 -0.002144  3  2884.000000  0.053461  1.000000  66.000000  0.004929  1.000000  2139.000000  0.009592  -1.000000 
 0.001421  3  2884.000000  0.053461  1.000000  66.000000  0.004929  1.000000  2139.000000  0.009592  1.000000 
 -0.001104  1  588.000000  0.097562  1.000000 
 -0.001485  2  588.000000  0.097562  -1.000000  156.000000  2.326505  -1.000000 
 0.001316  3  588.000000  0.097562  -1.000000  156.000000  2.326505  1.000000  1868.000000  0.141767  -1.000000 
 -0.002254  3  588.000000  0.097562  -1.000000  156.000000  2.326505  1.000000  1868.000000  0.141767  1.000000 
 -0.001623  1  2320.000000  0.143551  1.000000 
 -0.001150  2  2320.000000  0.143551  -1.000000  3.000000  0.025175  -1.000000 
 0.001249  3  2320.000000  0.143551  -1.000000  3.000000  0.025175  1.000000  2387.000000  0.080295  -1.000000 
 -0.002594  3  2320.000000  0.143551  -1.000000  3.000000  0.025175  1.000000  2387.000000  0.080295  1.000000 
 -0.001062  2  1947.000000  0.038523  -1.000000  3541.000000  0.198446  -1.000000 
 0.001076  2  1947.000000  0.038523  -1.000000  3541.000000  0.198446  1.000000 
 0.001446  2  1947.000000  0.038523  1.000000  2543.000000  0.209201  -1.000000 
 -0.001598  2  1947.000000  0.038523  1.000000  2543.000000  0.209201  1.000000 
 -0.001106  2  1828.000000  0.248436  -1.000000  441.000000  0.495491  -1.000000 
 0.001530  2  1828.000000  0.248436  -1.000000  441.000000  0.495491  1.000000 
 0.001371  2  1828.000000  0.248436  1.000000  1225.000000  0.116818  -1.000000 
 -0.001456  2  1828.000000  0.248436  1.000000  1225.000000  0.116818  1.000000 
 0.001090  2  317.000000  0.050236  1.000000  87.000000  0.621648  -1.000000 
 -0.000919  2  317.000000  0.050236  1.000000  87.000000  0.621648  1.000000 
 0.000599  2  317.000000  0.050236  -1.000000  1596.000000  0.000000  -1.000000 
 -0.001574  2  317.000000  0.050236  -1.000000  1596.000000  0.000000  1.000000 
 -0.000915  2  159.000000  134.409000  1.000000  921.000000  0.000001  -1.000000 
 0.001111  2  159.000000  134.409000  1.000000  921.000000  0.000001  1.000000 
 -0.001443  2  159.000000  134.409000  -1.000000  1097.000000  0.195580  -1.000000 
 0.001123  2  159.000000  134.409000  -1.000000  1097.000000  0.195580  1.000000 
 0.001319  1  1989.000000  0.011102  -1.000000 
 0.001006  2  1989.000000  0.011102  1.000000  1847.000000  0.189771  1.000000 
 0.000907  3  1989.000000  0.011102  1.000000  1847.000000  0.189771  -1.000000  3350.000000  0.009829  -1.000000 
 -0.001340  3  1989.000000  0.011102  1.000000  1847.000000  0.189771  -1.000000  3350.000000  0.009829  1.000000 
 -0.001084  1  1454.000000  0.081988  -1.000000 
 -0.000705  2  1454.000000  0.081988  1.000000  3709.000000  0.013576  -1.000000 
 0.001426  3  1454.000000  0.081988  1.000000  3709.000000  0.013576  1.000000  870.000000  0.156766  -1.000000 
 -0.001091  3  1454.000000  0.081988  1.000000  3709.000000  0.013576  1.000000  870.000000  0.156766  1.000000 
 -0.001210  2  499.000000  0.075658  1.000000  2846.000000  0.343821  -1.000000 
 0.000981  2  499.000000  0.075658  1.000000  2846.000000  0.343821  1.000000 
 -0.001035  2  499.000000  0.075658  -1.000000  273.000000  0.000016  -1.000000 
 0.001237  2  499.000000  0.075658  -1.000000  273.000000  0.000016  1.000000 
 0.000986  2  181.000000  -0.105087  -1.000000  1238.000000  0.251987  -1.000000 
 -0.001605  2  181.000000  -0.105087  -1.000000  1238.000000  0.251987  1.000000 
 -0.001132  2  181.000000  -0.105087  1.000000  2812.000000  0.265219  -1.000000 
 0.001090  2  181.000000  -0.105087  1.000000  2812.000000  0.265219  1.000000 
 -0.000943  2  1809.000000  0.116380  -1.000000  2965.000000  0.342859  -1.000000 
 0.001779  2  1809.000000  0.116380  -1.000000  2965.000000  0.342859  1.000000 
 -0.006799  2  1809.000000  0.116380  1.000000  51.000000  0.005795  -1.000000 
 0.001017  2  1809.000000  0.116380  1.000000  51.000000  0.005795  1.000000 
 0.000989  2  139.000000  0.004526  -1.000000  837.000000  0.122201  -1.000000 
 -0.001680  2  139.000000  0.004526  -1.000000  837.000000  0.122201  1.000000 
 -0.001322  2  139.000000  0.004526  1.000000  29.000000  0.000579  -1.000000 
 0.001126  2  139.000000  0.004526  1.000000  29.000000  0.000579  1.000000 
 0.001185  2  440.000000  0.163563  1.000000  677.000000  0.075625  -1.000000 
 -0.001943  2  440.000000  0.163563  1.000000  677.000000  0.075625  1.000000 
 -0.001022  2  440.000000  0.163563  -1.000000  1369.000000  0.612121  -1.000000 
 0.001022  2  440.000000  0.163563  -1.000000  1369.000000  0.612121  1.000000 
 0.001332  2  4.000000  0.031176  1.000000  2187.000000  0.164620  -1.000000 
 -0.000876  2  4.000000  0.031176  1.000000  2187.000000  0.164620  1.000000 
 -0.001834  2  4.000000  0.031176  -1.000000  730.000000  0.550237  -1.000000 
 0.001291  2  4.000000  0.031176  -1.000000  730.000000  0.550237  1.000000 
 -0.001452  2  1441.000000  0.047355  -1.000000  3.000000  0.024482  -1.000000 
 0.001095  2  1441.000000  0.047355  -1.000000  3.000000  0.024482  1.000000 
 -0.001370  2  1441.000000  0.047355  1.000000  1925.000000  0.277334  -1.000000 
 0.001019  2  1441.000000  0.047355  1.000000  1925.000000  0.277334  1.000000 
 -0.001248  2  1958.000000  0.033844  1.000000  167.000000  -0.022230  -1.000000 
 0.001066  2  1958.000000  0.033844  1.000000  167.000000  -0.022230  1.000000 
 -0.001328  2  1958.000000  0.033844  -1.000000  1419.000000  0.422319  -1.000000 
 0.002045  2  1958.000000  0.033844  -1.000000  1419.000000  0.422319  1.000000 
 -0.001358  2  1661.000000  0.000014  1.000000  3066.000000  0.139602  -1.000000 
 0.000627  2  1661.000000  0.000014  1.000000  3066.000000  0.139602  1.000000 
 0.001465  2  1661.000000  0.000014  -1.000000  2272.000000  0.110002  -1.000000 
 -0.001814  2  1661.000000  0.000014  -1.000000  2272.000000  0.110002  1.000000 
 0.001124  1  3254.000000  0.321921  1.000000 
 0.001126  2  3254.000000  0.321921  -1.000000  3170.000000  0.149330  1.000000 
 -0.001317  3  3254.000000  0.321921  -1.000000  3170.000000  0.149330  -1.000000  153.000000  10.712600  -1.000000 
 0.001879  3  3254.000000  0.321921  -1.000000  3170.000000  0.149330  -1.000000  153.000000  10.712600  1.000000 
 0.001154  2  26.000000  -0.000406  1.000000  354.000000  0.052757  -1.000000 
 -0.001068  2  26.000000  -0.000406  1.000000  354.000000  0.052757  1.000000 
 -0.001668  2  26.000000  -0.000406  -1.000000  1299.000000  0.122060  -1.000000 
 0.000997  2  26.000000  -0.000406  -1.000000  1299.000000  0.122060  1.000000 
 -0.001022  1  2052.000000  0.055182  -1.000000 
 -0.002388  2  2052.000000  0.055182  1.000000  3812.000000  -0.103883  1.000000 
 0.001593  3  2052.000000  0.055182  1.000000  3812.000000  -0.103883  -1.000000  3194.000000  0.088944  -1.000000 
 -0.001006  3  2052.000000  0.055182  1.000000  3812.000000  -0.103883  -1.000000  3194.000000  0.088944  1.000000 
 -0.001304  2  384.000000  0.040752  -1.000000  2015.000000  0.097795  -1.000000 
 0.000721  2  384.000000  0.040752  -1.000000  2015.000000  0.097795  1.000000 
 -0.000799  2  384.000000  0.040752  1.000000  2222.000000  0.078400  -1.000000 
 0.001431  2  384.000000  0.040752  1.000000  2222.000000  0.078400  1.000000 
 0.001263  2  3299.000000  0.030206  1.000000  180.000000  -925.460500  -1.000000 
 -0.001208  2  3299.000000  0.030206  1.000000  180.000000  -925.460500  1.000000 
 0.001479  2  3299.000000  0.030206  -1.000000  2682.000000  0.134707  -1.000000 
 -0.002473  2  3299.000000  0.030206  -1.000000  2682.000000  0.134707  1.000000 
 0.001118  2  1168.000000  0.076314  1.000000  1450.000000  0.104953  -1.000000 
 -0.001461  2  1168.000000  0.076314  1.000000  1450.000000  0.104953  1.000000 
 -0.001436  2  1168.000000  0.076314  -1.000000  302.000000  0.232562  -1.000000 
 0.001137  2  1168.000000  0.076314  -1.000000  302.000000  0.232562  1.000000 
 -0.001252  2  95.000000  0.470454  1.000000  580.000000  0.223504  -1.000000 
 0.001161  2  95.000000  0.470454  1.000000  580.000000  0.223504  1.000000 
 0.001208  2  95.000000  0.470454  -1.000000  3000.000000  0.393532  -1.000000 
 -0.001273  2  95.000000  0.470454  -1.000000  3000.000000  0.393532  1.000000 
 -0.001126  1  56.000000  0.057779  -1.000000 
 -0.001736  2  56.000000  0.057779  1.000000  3.000000  0.024482  -1.000000 
 0.001257  3  56.000000  0.057779  1.000000  3.000000  0.024482  1.000000  1085.000000  0.183671  -1.000000 
 -0.002101  3  56.000000  0.057779  1.000000  3.000000  0.024482  1.000000  1085.000000  0.183671  1.000000 
 -0.001254  2  3283.000000  0.005314  1.000000  1228.000000  0.203635  -1.000000 
 0.001327  2  3283.000000  0.005314  1.000000  1228.000000  0.203635  1.000000 
 0.001511  2  3283.000000  0.005314  -1.000000  176.000000  -221.297000  -1.000000 
 -0.001143  2  3283.000000  0.005314  -1.000000  176.000000  -221.297000  1.000000 
 -0.000899  1  1958.000000  0.033844  -1.000000 
 -0.001968  2  1958.000000  0.033844  1.000000  1094.000000  0.156838  1.000000 
 0.001587  3  1958.000000  0.033844  1.000000  1094.000000  0.156838  -1.000000  1744.000000  0.113348  -1.000000 
 -0.000956  3  1958.000000  0.033844  1.000000  1094.000000  0.156838  -1.000000  1744.000000  0.113348  1.000000 
 0.001206  2  2002.000000  0.183290  -1.000000  2654.000000  0.172370  -1.000000 
 -0.000993  2  2002.000000  0.183290  -1.000000  2654.000000  0.172370  1.000000 
 -0.001687  2  2002.000000  0.183290  1.000000  736.000000  0.198760  -1.000000 
 0.002491  2  2002.000000  0.183290  1.000000  736.000000  0.198760  1.000000 
 0.001075  2  192.000000  -0.064784  -1.000000  1491.000000  0.157644  -1.000000 
 -0.000788  2  192.000000  -0.064784  -1.000000  1491.000000  0.157644  1.000000 
 -0.002231  2  192.000000  -0.064784  1.000000  2475.000000  0.157399  -1.000000 
 0.000542  2  192.000000  -0.064784  1.000000  2475.000000  0.157399  1.000000 
 -0.001349  2  132.000000  0.011511  -1.000000  3831.000000  0.081579  -1.000000 
 0.000994  2  132.000000  0.011511  -1.000000  3831.000000  0.081579  1.000000 
 -0.001650  2  132.000000  0.011511  1.000000  441.000000  0.580888  -1.000000 
 0.001931  2  132.000000  0.011511  1.000000  441.000000  0.580888  1.000000 
 -0.001399  2  23.000000  0.002187  -1.000000  887.000000  0.194481  -1.000000 
 0.001486  2  23.000000  0.002187  -1.000000  887.000000  0.194481  1.000000 
 0.001221  2  23.000000  0.002187  1.000000  2149.000000  0.134243  -1.000000 
 -0.001066  2  23.000000  0.002187  1.000000  2149.000000  0.134243  1.000000 
 -0.001040  2  1532.000000  0.083308  -1.000000  3541.000000  0.226312  -1.000000 
 0.000953  2  1532.000000  0.083308  -1.000000  3541.000000  0.226312  1.000000 
 -0.001526  2  1532.000000  0.083308  1.000000  2147.000000  0.027196  -1.000000 
 0.001266  2  1532.000000  0.083308  1.000000  2147.000000  0.027196  1.000000 
 0.001057  2  2741.000000  0.002131  -1.000000  899.000000  0.295882  -1.000000 
 -0.002069  2  2741.000000  0.002131  -1.000000  899.000000  0.295882  1.000000 
 -0.001484  2  2741.000000  0.002131  1.000000  1828.000000  0.454172  -1.000000 
 0.001749  2  2741.000000  0.002131  1.000000  1828.000000  0.454172  1.000000 
 -0.001210  1  2364.000000  0.058769  -1.000000 
 -0.001093  2  2364.000000  0.058769  1.000000  1699.000000  0.393979  1.000000 
 -0.002477  3  2364.000000  0.058769  1.000000  1699.000000  0.393979  -1.000000  118.000000  0.094859  -1.000000 
 0.001382  3  2364.000000  0.058769  1.000000  1699.000000  0.393979  -1.000000  118.000000  0.094859  1.000000 
 -0.001012  2  1699.000000  0.288885  -1.000000  2063.000000  0.221580  -1.000000 
 0.001186  2  1699.000000  0.288885  -1.000000  2063.000000  0.221580  1.000000 
 -0.002164  2  1699.000000  0.288885  1.000000  190.000000  -0.867561  -1.000000 
 0.001291  2  1699.000000  0.288885  1.000000  190.000000  -0.867561  1.000000 
 0.000657  2  3017.000000  0.198659  -1.000000  3470.000000  0.095209  -1.000000 
 -0.001326  2  3017.000000  0.198659  -1.000000  3470.000000  0.095209  1.000000 
 -0.000805  2  3017.000000  0.198659  1.000000  982.000000  0.150557  -1.000000 
 0.002022  2  3017.000000  0.198659  1.000000  982.000000  0.150557  1.000000 
 -0.001279  2  3217.000000  0.041836  1.000000  254.000000  -0.024496  -1.000000 
 0.001100  2  3217.000000  0.041836  1.000000  254.000000  -0.024496  1.000000 
 -0.001201  2  3217.000000  0.041836  -1.000000  201.000000  0.772692  -1.000000 
 0.001692  2  3217.000000  0.041836  -1.000000  201.000000  0.772692  1.000000 
 -0.001287  2  1809.000000  0.116380  -1.000000  1107.000000  0.122037  -1.000000 
 0.000885  2  1809.000000  0.116380  -1.000000  1107.000000  0.122037  1.000000 
 0.001154  2  1809.000000  0.116380  1.000000  929.000000  0.296489  -1.000000 
 -0.002660  2  1809.000000  0.116380  1.000000  929.000000  0.296489  1.000000 
 -0.001003  1  2378.000000  0.002158  1.000000 
 -0.002352  2  2378.000000  0.002158  -1.000000  2267.000000  0.268666  1.000000 
 0.001219  3  2378.000000  0.002158  -1.000000  2267.000000  0.268666  -1.000000  3077.000000  0.097340  -1.000000 
 -0.002065  3  2378.000000  0.002158  -1.000000  2267.000000  0.268666  -1.000000  3077.000000  0.097340  1.000000 
 -0.000894  1  441.000000  0.199763  -1.000000 
 -0.002520  2  441.000000  0.199763  1.000000  3356.000000  0.353983  1.000000 
 -0.004534  3  441.000000  0.199763  1.000000  3356.000000  0.353983  -1.000000  164.000000  -0.121230  -1.000000 
 0.001429  3  441.000000  0.199763  1.000000  3356.000000  0.353983  -1.000000  164.000000  -0.121230  1.000000 
 0.000989  2  1274.000000  0.029881  1.000000  540.000000  0.156783  -1.000000 
 -0.001470  2  1274.000000  0.029881  1.000000  540.000000  0.156783  1.000000 
 0.000927  2  1274.000000  0.029881  -1.000000  2774.000000  0.000035  -1.000000 
 -0.001466  2  1274.000000  0.029881  -1.000000  2774.000000  0.000035  1.000000 
 -0.001022  2  150.000000  583.950000  -1.000000  26.000000  0.000440  -1.000000 
 0.001571  2  150.000000  583.950000  -1.000000  26.000000  0.000440  1.000000 
 -0.001398  2  150.000000  583.950000  1.000000  41.000000  -0.007885  -1.000000 
 0.001475  2  150.000000  583.950000  1.000000  41.000000  -0.007885  1.000000 
 -0.001353  2  2030.000000  0.057011  1.000000  1688.000000  0.051821  -1.000000 
 0.001088  2  2030.000000  0.057011  1.000000  1688.000000  0.051821  1.000000 
 -0.001473  2  2030.000000  0.057011  -1.000000  2064.000000  0.196452  -1.000000 
 0.001103  2  2030.000000  0.057011  -1.000000  2064.000000  0.196452  1.000000 
 0.001025  1  3032.000000  0.004933  -1.000000 
 0.001148  2  3032.000000  0.004933  1.000000  542.000000  0.009370  -1.000000 
 -0.001421  3  3032.000000  0.004933  1.000000  542.000000  0.009370  1.000000  1847.000000  0.172181  -1.000000 
 0.001267  3  3032.000000  0.004933  1.000000  542.000000  0.009370  1.000000  1847.000000  0.172181  1.000000 
 -0.001104  2  3102.000000  0.061504  -1.000000  3350.000000  0.281488  -1.000000 
 0.000982  2  3102.000000  0.061504  -1.000000  3350.000000  0.281488  1.000000 
 -0.002376  2  3102.000000  0.061504  1.000000  1603.000000  0.050101  -1.000000 
 0.001433  2  3102.000000  0.061504  1.000000  1603.000000  0.050101  1.000000 
 -0.001428  1  3597.000000  0.069243  1.000000 
 -0.001214  2  3597.000000  0.069243  -1.000000  350.000000  0.014093  -1.000000 
 0.001398  3  3597.000000  0.069243  -1.000000  350.000000  0.014093  1.000000  1697.000000  0.147709  -1.000000 
 -0.001230  3  3597.000000  0.069243  -1.000000  350.000000  0.014093  1.000000  1697.000000  0.147709  1.000000 
 -0.004385  2  115.000000  0.503098  -1.000000  121.000000  0.509338  -1.000000 
 0.000955  2  115.000000  0.503098  -1.000000  121.000000  0.509338  1.000000 
 -0.001359  2  115.000000  0.503098  1.000000  2470.000000  0.161114  -1.000000 
 0.001820  2  115.000000  0.503098  1.000000  2470.000000  0.161114  1.000000 
 0.000959  2  2428.000000  0.022960  -1.000000  2042.000000  0.252062  -1.000000 
 -0.001793  2  2428.000000  0.022960  -1.000000  2042.000000  0.252062  1.000000 
 -0.002091  2  2428.000000  0.022960  1.000000  1181.000000  0.194830  -1.000000 
 0.000620  2  2428.000000  0.022960  1.000000  1181.000000  0.194830  1.000000 
 -0.000950  2  440.000000  0.163563  1.000000  1324.000000  0.038472  -1.000000 
 0.001452  2  440.000000  0.163563  1.000000  1324.000000  0.038472  1.000000 
 -0.000958  2  440.000000  0.163563  -1.000000  2082.000000  0.214880  -1.000000 
 0.001243  2  440.000000  0.163563  -1.000000  2082.000000  0.214880  1.000000 
 -0.000718  2  1652.000000  0.046570  -1.000000  2830.000000  0.054502  -1.000000 
 0.001444  2  1652.000000  0.046570  -1.000000  2830.000000  0.054502  1.000000 
 -0.001311  2  1652.000000  0.046570  1.000000  2671.000000  0.194807  -1.000000 
 0.001109  2  1652.000000  0.046570  1.000000  2671.000000  0.194807  1.000000 
 -0.001055  1  1296.000000  0.075088  1.000000 
 -0.001001  2  1296.000000  0.075088  -1.000000  3506.000000  0.065392  -1.000000 
 -0.001706  3  1296.000000  0.075088  -1.000000  3506.000000  0.065392  1.000000  1.000000  0.001603  -1.000000 
 0.001669  3  1296.000000  0.075088  -1.000000  3506.000000  0.065392  1.000000  1.000000  0.001603  1.000000 
 -0.000901  2  2079.000000  0.077318  -1.000000  441.000000  0.082426  -1.000000 
 0.001240  2  2079.000000  0.077318  -1.000000  441.000000  0.082426  1.000000 
 -0.001215  2  2079.000000  0.077318  1.000000  1803.000000  0.141286  -1.000000 
 0.000875  2  2079.000000  0.077318  1.000000  1803.000000  0.141286  1.000000 
 -0.001312  2  1473.000000  0.031930  1.000000  2651.000000  0.133019  -1.000000 
 0.000726  2  1473.000000  0.031930  1.000000  2651.000000  0.133019  1.000000 
 0.001042  2  1473.000000  0.031930  -1.000000  1208.000000  0.127416  -1.000000 
 -0.002048  2  1473.000000  0.031930  -1.000000  1208.000000  0.127416  1.000000 
 0.001158  2  6.000000  12.084200  1.000000  3189.000000  0.056516  -1.000000 
 -0.000876  2  6.000000  12.084200  1.000000  3189.000000  0.056516  1.000000 
 -0.001356  2  6.000000  12.084200  -1.000000  3060.000000  0.202507  -1.000000 
 0.001275  2  6.000000  12.084200  -1.000000  3060.000000  0.202507  1.000000 
 -0.001011  2  3505.000000  0.157031  -1.000000  2917.000000  0.187339  -1.000000 
 0.000933  2  3505.000000  0.157031  -1.000000  2917.000000  0.187339  1.000000 
 0.001370  2  3505.000000  0.157031  1.000000  1068.000000  0.112444  -1.000000 
 -0.003296  2  3505.000000  0.157031  1.000000  1068.000000  0.112444  1.000000 
 -0.001170  2  3033.000000  0.043234  1.000000  1349.000000  0.152342  -1.000000 
 0.000979  2  3033.000000  0.043234  1.000000  1349.000000  0.152342  1.000000 
 0.001249  2  3033.000000  0.043234  -1.000000  865.000000  0.061249  -1.000000 
 -0.001186  2  3033.000000  0.043234  -1.000000  865.000000  0.061249  1.000000 
 -0.001169  2  3500.000000  0.141446  -1.000000  3168.000000  0.195102  -1.000000 
 0.000951  2  3500.000000  0.141446  -1.000000  3168.000000  0.195102  1.000000 
 0.001620  2  3500.000000  0.141446  1.000000  1450.000000  0.126938  -1.000000 
 -0.002662  2  3500.000000  0.141446  1.000000  1450.000000  0.126938  1.000000 
 -0.000954  2  851.000000  0.285308  -1.000000  3218.000000  0.489762  -1.000000 
 0.001526  2  851.000000  0.285308  -1.000000  3218.000000  0.489762  1.000000 
 -0.001209  2  851.000000  0.285308  1.000000  4.000000  0.027381  -1.000000 
 0.001656  2  851.000000  0.285308  1.000000  4.000000  0.027381  1.000000 
 -0.002375  2  139.000000  0.002816  -1.000000  67.000000  0.015891  -1.000000 
 0.001420  2  139.000000  0.002816  -1.000000  67.000000  0.015891  1.000000 
 -0.001005  2  139.000000  0.002816  1.000000  2831.000000  0.632871  -1.000000 
 0.003024  2  139.000000  0.002816  1.000000  2831.000000  0.632871  1.000000 
 -0.001314  1  3581.000000  0.150613  1.000000 
 -0.000679  2  3581.000000  0.150613  -1.000000  319.000000  0.029808  -1.000000 
 0.001544  3  3581.000000  0.150613  -1.000000  319.000000  0.029808  1.000000  1398.000000  0.178775  -1.000000 
 -0.001425  3  3581.000000  0.150613  -1.000000  319.000000  0.029808  1.000000  1398.000000  0.178775  1.000000 
 0.000673  2  1758.000000  0.090274  -1.000000  2441.000000  0.014902  -1.000000 
 -0.001415  2  1758.000000  0.090274  -1.000000  2441.000000  0.014902  1.000000 
 -0.002247  2  1758.000000  0.090274  1.000000  3687.000000  0.049350  -1.000000 
 0.001268  2  1758.000000  0.090274  1.000000  3687.000000  0.049350  1.000000 
 -0.001032  2  150.000000  583.950000  -1.000000  441.000000  0.536719  -1.000000 
 0.001622  2  150.000000  583.950000  -1.000000  441.000000  0.536719  1.000000 
 0.001371  2  150.000000  583.950000  1.000000  3024.000000  0.108427  -1.000000 
 -0.004583  2  150.000000  583.950000  1.000000  3024.000000  0.108427  1.000000 
 0.001344  2  698.000000  0.035824  1.000000  2622.000000  0.090329  -1.000000 
 -0.001526  2  698.000000  0.035824  1.000000  2622.000000  0.090329  1.000000 
 -0.001376  2  698.000000  0.035824  -1.000000  126.000000  0.835703  -1.000000 
 0.000550  2  698.000000  0.035824  -1.000000  126.000000  0.835703  1.000000 
 0.001609  2  1809.000000  0.116380  1.000000  2712.000000  0.064689  -1.000000 
 -0.001617  2  1809.000000  0.116380  1.000000  2712.000000  0.064689  1.000000 
 -0.001154  2  1809.000000  0.116380  -1.000000  1435.000000  0.238831  -1.000000 
 0.001207  2  1809.000000  0.116380  -1.000000  1435.000000  0.238831  1.000000 
 -0.001186  1  192.000000  -0.037424  1.000000 
 -0.001227  2  192.000000  -0.037424  -1.000000  1340.000000  0.150308  1.000000 
 -0.002265  3  192.000000  -0.037424  -1.000000  1340.000000  0.150308  -1.000000  50.000000  0.012175  -1.000000 
 0.001255  3  192.000000  -0.037424  -1.000000  1340.000000  0.150308  -1.000000  50.000000  0.012175  1.000000 
 -0.000725  1  2440.000000  0.137813  -1.000000 
 -0.001652  2  2440.000000  0.137813  1.000000  1407.000000  0.195406  1.000000 
 -0.003425  3  2440.000000  0.137813  1.000000  1407.000000  0.195406  -1.000000  2457.000000  0.001094  -1.000000 
 0.001360  3  2440.000000  0.137813  1.000000  1407.000000  0.195406  -1.000000  2457.000000  0.001094  1.000000 
 -0.000955  1  3590.000000  0.114850  1.000000 
 -0.001342  2  3590.000000  0.114850  -1.000000  2749.000000  0.161456  1.000000 
 0.001196  3  3590.000000  0.114850  -1.000000  2749.000000  0.161456  -1.000000  182.000000  0.153675  -1.000000 
 -0.002061  3  3590.000000  0.114850  -1.000000  2749.000000  0.161456  -1.000000  182.000000  0.153675  1.000000 
 -0.001149  2  894.000000  0.078700  -1.000000  177.000000  902.025000  -1.000000 
 0.000717  2  894.000000  0.078700  -1.000000  177.000000  902.025000  1.000000 
 -0.003177  2  894.000000  0.078700  1.000000  955.000000  0.038673  -1.000000 
 0.001554  2  894.000000  0.078700  1.000000  955.000000  0.038673  1.000000 
 -0.000928  2  3379.000000  0.000114  1.000000  2041.000000  0.190468  -1.000000 
 0.001136  2  3379.000000  0.000114  1.000000  2041.000000  0.190468  1.000000 
 -0.001903  2  3379.000000  0.000114  -1.000000  4.000000  0.021364  -1.000000 
 0.001353  2  3379.000000  0.000114  -1.000000  4.000000  0.021364  1.000000 
 0.001174  2  106.000000  0.512518  -1.000000  3797.000000  -0.117333  -1.000000 
 -0.001445  2  106.000000  0.512518  -1.000000  3797.000000  -0.117333  1.000000 
 0.001005  2  106.000000  0.512518  1.000000  2385.000000  0.000046  -1.000000 
 -0.001379  2  106.000000  0.512518  1.000000  2385.000000  0.000046  1.000000 
 -0.000958  2  2436.000000  0.109033  -1.000000  2550.000000  0.203093  -1.000000 
 0.000912  2  2436.000000  0.109033  -1.000000  2550.000000  0.203093  1.000000 
 0.001272  2  2436.000000  0.109033  1.000000  1917.000000  0.178448  -1.000000 
 -0.005114  2  2436.000000  0.109033  1.000000  1917.000000  0.178448  1.000000 
 -0.000976  2  376.000000  0.392075  -1.000000  3001.000000  0.386303  -1.000000 
 0.001206  2  376.000000  0.392075  -1.000000  3001.000000  0.386303  1.000000 
 0.001455  2  376.000000  0.392075  1.000000  1997.000000  0.151927  -1.000000 
 -0.001558  2  376.000000  0.392075  1.000000  1997.000000  0.151927  1.000000 
 0.000933  2  3217.000000  0.041836  1.000000  1299.000000  0.175514  -1.000000 
 -0.003027  2  3217.000000  0.041836  1.000000  1299.000000  0.175514  1.000000 
 -0.001248  2  3217.000000  0.041836  -1.000000  868.000000  0.510962  -1.000000 
 0.002386  2  3217.000000  0.041836  -1.000000  868.000000  0.510962  1.000000 
 -0.000794  1  1705.000000  0.067984  1.000000 
 -0.001798  2  1705.000000  0.067984  -1.000000  171.000000  -0.034247  -1.000000 
 0.001262  3  1705.000000  0.067984  -1.000000  171.000000  -0.034247  1.000000  1288.000000  0.375115  -1.000000 
 -0.003119  3  1705.000000  0.067984  -1.000000  171.000000  -0.034247  1.000000  1288.000000  0.375115  1.000000 
 -0.002025  1  3.000000  0.025190  -1.000000 
 -0.001315  2  3.000000  0.025190  1.000000  779.000000  0.102804  1.000000 
 0.001226  3  3.000000  0.025190  1.000000  779.000000  0.102804  -1.000000  306.000000  0.145732  -1.000000 
 -0.001702  3  3.000000  0.025190  1.000000  779.000000  0.102804  -1.000000  306.000000  0.145732  1.000000 
 0.000936  1  3040.000000  0.009500  -1.000000 
 0.001637  2  3040.000000  0.009500  1.000000  3734.000000  0.199960  1.000000 
 -0.001210  3  3040.000000  0.009500  1.000000  3734.000000  0.199960  -1.000000  1874.000000  0.219521  -1.000000 
 0.002165  3  3040.000000  0.009500  1.000000  3734.000000  0.199960  -1.000000  1874.000000  0.219521  1.000000 
 0.001049  2  1793.000000  0.107262  1.000000  2599.000000  0.144332  -1.000000 
 -0.001775  2  1793.000000  0.107262  1.000000  2599.000000  0.144332  1.000000 
 -0.001288  2  1793.000000  0.107262  -1.000000  3001.000000  0.392360  -1.000000 
 0.001059  2  1793.000000  0.107262  -1.000000  3001.000000  0.392360  1.000000 
 -0.001033  2  2142.000000  0.140773  -1.000000  1840.000000  0.117186  -1.000000 
 0.000942  2  2142.000000  0.140773  -1.000000  1840.000000  0.117186  1.000000 
 0.001485  2  2142.000000  0.140773  1.000000  2638.000000  0.086268  -1.000000 
 -0.002309  2  2142.000000  0.140773  1.000000  2638.000000  0.086268  1.000000 
 -0.000958  1  165.000000  0.064168  -1.000000 
 -0.000764  2  165.000000  0.064168  1.000000  2057.000000  0.122497  1.000000 
 0.001979  3  165.000000  0.064168  1.000000  2057.000000  0.122497  -1.000000  2447.000000  0.118808  -1.000000 
 -0.002651  3  165.000000  0.064168  1.000000  2057.000000  0.122497  -1.000000  2447.000000  0.118808  1.000000 
 -0.001846  2  1656.000000  0.103830  1.000000  48.000000  0.016935  -1.000000 
 0.000922  2  1656.000000  0.103830  1.000000  48.000000  0.016935  1.000000 
 0.000785  2  1656.000000  0.103830  -1.000000  199.000000  4.700500  -1.000000 
 -0.002205  2  1656.000000  0.103830  -1.000000  199.000000  4.700500  1.000000 
 -0.001082  2  3055.000000  0.045217  1.000000  3353.000000  0.185128  -1.000000 
 0.001530  2  3055.000000  0.045217  1.000000  3353.000000  0.185128  1.000000 
 0.001008  2  3055.000000  0.045217  -1.000000  476.000000  0.224357  -1.000000 
 -0.002406  2  3055.000000  0.045217  -1.000000  476.000000  0.224357  1.000000 
 -0.000725  1  3098.000000  0.121691  -1.000000 
 -0.002017  2  3098.000000  0.121691  1.000000  319.000000  0.003851  -1.000000 
 0.001423  3  3098.000000  0.121691  1.000000  319.000000  0.003851  1.000000  3195.000000  0.100967  -1.000000 
 -0.001363  3  3098.000000  0.121691  1.000000  319.000000  0.003851  1.000000  3195.000000  0.100967  1.000000 
 0.001378  2  1418.000000  0.082819  1.000000  1588.000000  0.000007  -1.000000 
 -0.001180  2  1418.000000  0.082819  1.000000  1588.000000  0.000007  1.000000 
 0.001054  2  1418.000000  0.082819  -1.000000  3561.000000  0.180156  -1.000000 
 -0.002485  2  1418.000000  0.082819  -1.000000  3561.000000  0.180156  1.000000 
 -0.000837  1  2402.000000  0.178017  -1.000000 
 0.001179  2  2402.000000  0.178017  1.000000  428.000000  0.017879  1.000000 
 -0.001818  3  2402.000000  0.178017  1.000000  428.000000  0.017879  -1.000000  907.000000  0.263313  -1.000000 
 0.003061  3  2402.000000  0.178017  1.000000  428.000000  0.017879  -1.000000  907.000000  0.263313  1.000000 
 0.001106  2  1929.000000  0.020495  -1.000000  192.000000  -0.058997  -1.000000 
 -0.000823  2  1929.000000  0.020495  -1.000000  192.000000  -0.058997  1.000000 
 -0.001344  2  1929.000000  0.020495  1.000000  3522.000000  0.276263  -1.000000 
 0.001422  2  1929.000000  0.020495  1.000000  3522.000000  0.276263  1.000000 
 -0.001044  1  1038.000000  0.109436  -1.000000 
 -0.001074  2  1038.000000  0.109436  1.000000  64.000000  0.035220  -1.000000 
 0.001545  3  1038.000000  0.109436  1.000000  64.000000  0.035220  1.000000  2683.000000  0.142439  -1.000000 
 -0.001703  3  1038.000000  0.109436  1.000000  64.000000  0.035220  1.000000  2683.000000  0.142439  1.000000 
