 600
  -0.003331  1  177.000000  923.781500  -1.000000 
 0.002507  2  177.000000  923.781500  1.000000  3827.000000  0.102084  1.000000 
 0.003372  3  177.000000  923.781500  1.000000  3827.000000  0.102084  -1.000000  93.000000  0.391917  -1.000000 
 -0.003372  3  177.000000  923.781500  1.000000  3827.000000  0.102084  -1.000000  93.000000  0.391917  1.000000 
 0.002150  2  148.000000  6081.160000  1.000000  3023.000000  0.019500  -1.000000 
 -0.002634  2  148.000000  6081.160000  1.000000  3023.000000  0.019500  1.000000 
 -0.003225  2  148.000000  6081.160000  -1.000000  468.000000  0.832713  -1.000000 
 0.001567  2  148.000000  6081.160000  -1.000000  468.000000  0.832713  1.000000 
 -0.001687  2  118.000000  0.172038  1.000000  4.000000  0.024824  -1.000000 
 0.002294  2  118.000000  0.172038  1.000000  4.000000  0.024824  1.000000 
 -0.003113  2  118.000000  0.172038  -1.000000  3097.000000  0.541980  -1.000000 
 0.001098  2  118.000000  0.172038  -1.000000  3097.000000  0.541980  1.000000 
 -0.003225  1  118.000000  0.093019  -1.000000 
 -0.001842  2  118.000000  0.093019  1.000000  39.000000  -0.001496  1.000000 
 -0.001950  3  118.000000  0.093019  1.000000  39.000000  -0.001496  -1.000000  11.000000  0.000619  -1.000000 
 0.002082  3  118.000000  0.093019  1.000000  39.000000  -0.001496  -1.000000  11.000000  0.000619  1.000000 
 -0.002258  2  468.000000  0.406343  -1.000000  2429.000000  0.360861  -1.000000 
 0.001329  2  468.000000  0.406343  -1.000000  2429.000000  0.360861  1.000000 
 0.002025  2  468.000000  0.406343  1.000000  929.000000  0.325854  -1.000000 
 -0.003044  2  468.000000  0.406343  1.000000  929.000000  0.325854  1.000000 
 -0.003372  1  119.000000  0.083224  -1.000000 
 -0.001323  2  119.000000  0.083224  1.000000  2387.000000  0.029345  1.000000 
 0.001707  3  119.000000  0.083224  1.000000  2387.000000  0.029345  -1.000000  905.000000  0.281765  -1.000000 
 -0.002824  3  119.000000  0.083224  1.000000  2387.000000  0.029345  -1.000000  905.000000  0.281765  1.000000 
 0.001579  2  132.000000  0.011472  -1.000000  2860.000000  0.096750  -1.000000 
 -0.002715  2  132.000000  0.011472  -1.000000  2860.000000  0.096750  1.000000 
 -0.002334  2  132.000000  0.011472  1.000000  2158.000000  0.507629  -1.000000 
 0.002606  2  132.000000  0.011472  1.000000  2158.000000  0.507629  1.000000 
 0.001831  1  3218.000000  0.448372  1.000000 
 -0.001288  2  3218.000000  0.448372  -1.000000  1228.000000  0.208600  -1.000000 
 -0.003100  3  3218.000000  0.448372  -1.000000  1228.000000  0.208600  1.000000  3640.000000  0.109590  -1.000000 
 0.002531  3  3218.000000  0.448372  -1.000000  1228.000000  0.208600  1.000000  3640.000000  0.109590  1.000000 
 -0.001145  1  42.000000  0.001945  -1.000000 
 0.001975  2  42.000000  0.001945  1.000000  1757.000000  0.033691  1.000000 
 0.002404  3  42.000000  0.001945  1.000000  1757.000000  0.033691  -1.000000  1527.000000  0.004734  -1.000000 
 -0.002501  3  42.000000  0.001945  1.000000  1757.000000  0.033691  -1.000000  1527.000000  0.004734  1.000000 
 -0.001724  2  673.000000  0.119495  -1.000000  786.000000  0.318194  -1.000000 
 0.002408  2  673.000000  0.119495  -1.000000  786.000000  0.318194  1.000000 
 -0.001911  2  673.000000  0.119495  1.000000  175.000000  2659.995000  -1.000000 
 0.001734  2  673.000000  0.119495  1.000000  175.000000  2659.995000  1.000000 
 -0.001203  1  2428.000000  0.022960  1.000000 
 -0.002108  2  2428.000000  0.022960  -1.000000  3589.000000  0.158318  1.000000 
 0.001833  3  2428.000000  0.022960  -1.000000  3589.000000  0.158318  -1.000000  808.000000  0.088930  -1.000000 
 -0.001623  3  2428.000000  0.022960  -1.000000  3589.000000  0.158318  -1.000000  808.000000  0.088930  1.000000 
 -0.002008  2  139.000000  0.005261  -1.000000  50.000000  0.012126  -1.000000 
 0.001283  2  139.000000  0.005261  -1.000000  50.000000  0.012126  1.000000 
 -0.002117  2  139.000000  0.005261  1.000000  2615.000000  0.643308  -1.000000 
 0.001592  2  139.000000  0.005261  1.000000  2615.000000  0.643308  1.000000 
 -0.001709  2  384.000000  0.040752  -1.000000  29.000000  0.000489  -1.000000 
 0.001375  2  384.000000  0.040752  -1.000000  29.000000  0.000489  1.000000 
 -0.001463  2  384.000000  0.040752  1.000000  2440.000000  0.092969  -1.000000 
 0.001615  2  384.000000  0.040752  1.000000  2440.000000  0.092969  1.000000 
 0.001495  2  189.000000  -0.123886  -1.000000  3597.000000  0.067425  -1.000000 
 -0.001318  2  189.000000  -0.123886  -1.000000  3597.000000  0.067425  1.000000 
 -0.002322  2  189.000000  -0.123886  1.000000  851.000000  0.237131  -1.000000 
 0.000959  2  189.000000  -0.123886  1.000000  851.000000  0.237131  1.000000 
 0.001413  2  337.000000  0.097777  1.000000  3822.000000  -0.003612  -1.000000 
 -0.002887  2  337.000000  0.097777  1.000000  3822.000000  -0.003612  1.000000 
 -0.001609  2  337.000000  0.097777  -1.000000  3001.000000  0.421007  -1.000000 
 0.001679  2  337.000000  0.097777  -1.000000  3001.000000  0.421007  1.000000 
 -0.001903  2  3033.000000  0.040832  1.000000  2263.000000  0.147589  -1.000000 
 0.000962  2  3033.000000  0.040832  1.000000  2263.000000  0.147589  1.000000 
 -0.002340  2  3033.000000  0.040832  -1.000000  4.000000  0.020117  -1.000000 
 0.001678  2  3033.000000  0.040832  -1.000000  4.000000  0.020117  1.000000 
 -0.001157  1  1656.000000  0.131630  -1.000000 
 -0.001356  2  1656.000000  0.131630  1.000000  2691.000000  0.063710  -1.000000 
 -0.001512  3  1656.000000  0.131630  1.000000  2691.000000  0.063710  1.000000  48.000000  0.018247  -1.000000 
 0.001820  3  1656.000000  0.131630  1.000000  2691.000000  0.063710  1.000000  48.000000  0.018247  1.000000 
 0.001515  2  1380.000000  0.082806  -1.000000  2572.000000  0.039854  -1.000000 
 -0.000984  2  1380.000000  0.082806  -1.000000  2572.000000  0.039854  1.000000 
 -0.002500  2  1380.000000  0.082806  1.000000  947.000000  0.164861  -1.000000 
 0.000771  2  1380.000000  0.082806  1.000000  947.000000  0.164861  1.000000 
 -0.001902  1  4.000000  0.027278  -1.000000 
 -0.001428  2  4.000000  0.027278  1.000000  2701.000000  0.074959  1.000000 
 0.001799  3  4.000000  0.027278  1.000000  2701.000000  0.074959  -1.000000  2468.000000  0.209317  -1.000000 
 -0.002268  3  4.000000  0.027278  1.000000  2701.000000  0.074959  -1.000000  2468.000000  0.209317  1.000000 
 0.001529  2  1009.000000  0.131204  1.000000  1068.000000  0.089368  -1.000000 
 -0.001471  2  1009.000000  0.131204  1.000000  1068.000000  0.089368  1.000000 
 0.000866  2  1009.000000  0.131204  -1.000000  971.000000  0.000000  -1.000000 
 -0.001955  2  1009.000000  0.131204  -1.000000  971.000000  0.000000  1.000000 
 -0.002318  2  675.000000  0.192189  1.000000  2965.000000  0.002529  -1.000000 
 0.001435  2  675.000000  0.192189  1.000000  2965.000000  0.002529  1.000000 
 -0.001578  2  675.000000  0.192189  -1.000000  3635.000000  0.253267  -1.000000 
 0.001627  2  675.000000  0.192189  -1.000000  3635.000000  0.253267  1.000000 
 -0.001920  2  3293.000000  0.092765  -1.000000  60.000000  0.025147  -1.000000 
 0.001209  2  3293.000000  0.092765  -1.000000  60.000000  0.025147  1.000000 
 -0.001521  2  3293.000000  0.092765  1.000000  2115.000000  0.274629  -1.000000 
 0.002552  2  3293.000000  0.092765  1.000000  2115.000000  0.274629  1.000000 
 0.001417  2  1257.000000  0.017776  1.000000  2622.000000  0.054244  -1.000000 
 -0.001214  2  1257.000000  0.017776  1.000000  2622.000000  0.054244  1.000000 
 -0.001805  2  1257.000000  0.017776  -1.000000  1621.000000  0.396771  -1.000000 
 0.002292  2  1257.000000  0.017776  -1.000000  1621.000000  0.396771  1.000000 
 0.001538  2  159.000000  134.409000  1.000000  8.000000  1.161935  -1.000000 
 -0.001174  2  159.000000  134.409000  1.000000  8.000000  1.161935  1.000000 
 -0.001900  2  159.000000  134.409000  -1.000000  29.000000  0.000315  -1.000000 
 0.001099  2  159.000000  134.409000  -1.000000  29.000000  0.000315  1.000000 
 0.001704  1  377.000000  0.101187  1.000000 
 0.002001  2  377.000000  0.101187  -1.000000  3643.000000  0.319078  1.000000 
 -0.001557  3  377.000000  0.101187  -1.000000  3643.000000  0.319078  -1.000000  441.000000  0.480148  -1.000000 
 0.000862  3  377.000000  0.101187  -1.000000  3643.000000  0.319078  -1.000000  441.000000  0.480148  1.000000 
 -0.001422  2  1381.000000  0.025018  1.000000  1645.000000  0.128528  -1.000000 
 0.001120  2  1381.000000  0.025018  1.000000  1645.000000  0.128528  1.000000 
 0.001710  2  1381.000000  0.025018  -1.000000  3616.000000  0.168132  -1.000000 
 -0.001986  2  1381.000000  0.025018  -1.000000  3616.000000  0.168132  1.000000 
 -0.001114  1  2052.000000  0.056689  -1.000000 
 -0.001825  2  2052.000000  0.056689  1.000000  1473.000000  0.126786  1.000000 
 -0.001041  3  2052.000000  0.056689  1.000000  1473.000000  0.126786  -1.000000  1280.000000  0.021926  -1.000000 
 0.001878  3  2052.000000  0.056689  1.000000  1473.000000  0.126786  -1.000000  1280.000000  0.021926  1.000000 
 -0.001516  2  1695.000000  0.016925  -1.000000  3.000000  0.025310  -1.000000 
 0.001625  2  1695.000000  0.016925  -1.000000  3.000000  0.025310  1.000000 
 -0.001561  2  1695.000000  0.016925  1.000000  1228.000000  0.208597  -1.000000 
 0.001219  2  1695.000000  0.016925  1.000000  1228.000000  0.208597  1.000000 
 -0.001280  1  1855.000000  0.081705  -1.000000 
 -0.002951  2  1855.000000  0.081705  1.000000  51.000000  0.005795  -1.000000 
 0.001524  3  1855.000000  0.081705  1.000000  51.000000  0.005795  1.000000  2776.000000  0.147306  -1.000000 
 -0.002422  3  1855.000000  0.081705  1.000000  51.000000  0.005795  1.000000  2776.000000  0.147306  1.000000 
 0.001339  2  2293.000000  0.071605  -1.000000  2447.000000  0.107674  -1.000000 
 -0.003104  2  2293.000000  0.071605  -1.000000  2447.000000  0.107674  1.000000 
 -0.001468  2  2293.000000  0.071605  1.000000  3027.000000  0.223189  -1.000000 
 0.001202  2  2293.000000  0.071605  1.000000  3027.000000  0.223189  1.000000 
 -0.001908  2  1195.000000  0.072119  -1.000000  2373.000000  0.210358  -1.000000 
 0.001099  2  1195.000000  0.072119  -1.000000  2373.000000  0.210358  1.000000 
 0.001254  2  1195.000000  0.072119  1.000000  1303.000000  0.143979  -1.000000 
 -0.001534  2  1195.000000  0.072119  1.000000  1303.000000  0.143979  1.000000 
 0.001560  2  26.000000  -0.000297  1.000000  3196.000000  0.051757  -1.000000 
 -0.001524  2  26.000000  -0.000297  1.000000  3196.000000  0.051757  1.000000 
 -0.001684  2  26.000000  -0.000297  -1.000000  2018.000000  0.204238  -1.000000 
 0.001887  2  26.000000  -0.000297  -1.000000  2018.000000  0.204238  1.000000 
 0.001650  2  1976.000000  0.117135  -1.000000  39.000000  -0.010546  -1.000000 
 -0.001838  2  1976.000000  0.117135  -1.000000  39.000000  -0.010546  1.000000 
 -0.002851  2  1976.000000  0.117135  1.000000  3829.000000  0.080513  -1.000000 
 0.001296  2  1976.000000  0.117135  1.000000  3829.000000  0.080513  1.000000 
 0.001165  2  103.000000  0.514397  -1.000000  3807.000000  -0.115790  -1.000000 
 -0.002501  2  103.000000  0.514397  -1.000000  3807.000000  -0.115790  1.000000 
 -0.001651  2  103.000000  0.514397  1.000000  2900.000000  0.221365  -1.000000 
 0.001497  2  103.000000  0.514397  1.000000  2900.000000  0.221365  1.000000 
 -0.001852  2  3026.000000  0.011491  -1.000000  271.000000  0.008777  -1.000000 
 0.001709  2  3026.000000  0.011491  -1.000000  271.000000  0.008777  1.000000 
 -0.001323  2  3026.000000  0.011491  1.000000  1847.000000  0.199064  -1.000000 
 0.001540  2  3026.000000  0.011491  1.000000  1847.000000  0.199064  1.000000 
 -0.000898  1  132.000000  0.010072  1.000000 
 -0.002131  2  132.000000  0.010072  -1.000000  2861.000000  0.123205  1.000000 
 -0.003063  3  132.000000  0.010072  -1.000000  2861.000000  0.123205  -1.000000  31.000000  -0.003593  -1.000000 
 0.001994  3  132.000000  0.010072  -1.000000  2861.000000  0.123205  -1.000000  31.000000  -0.003593  1.000000 
 -0.001910  2  2079.000000  0.082782  1.000000  925.000000  0.178457  -1.000000 
 0.001561  2  2079.000000  0.082782  1.000000  925.000000  0.178457  1.000000 
 0.001786  2  2079.000000  0.082782  -1.000000  1877.000000  0.031499  -1.000000 
 -0.001125  2  2079.000000  0.082782  -1.000000  1877.000000  0.031499  1.000000 
 0.001624  2  283.000000  0.063258  1.000000  2384.000000  0.020838  -1.000000 
 -0.001270  2  283.000000  0.063258  1.000000  2384.000000  0.020838  1.000000 
 -0.001550  2  283.000000  0.063258  -1.000000  19.000000  0.007759  -1.000000 
 0.001680  2  283.000000  0.063258  -1.000000  19.000000  0.007759  1.000000 
 0.001581  2  2895.000000  0.011413  1.000000  3355.000000  0.142508  -1.000000 
 -0.001129  2  2895.000000  0.011413  1.000000  3355.000000  0.142508  1.000000 
 -0.001826  2  2895.000000  0.011413  -1.000000  177.000000  800.924000  -1.000000 
 0.001474  2  2895.000000  0.011413  -1.000000  177.000000  800.924000  1.000000 
 0.001343  2  1143.000000  0.069511  1.000000  2672.000000  0.102815  -1.000000 
 -0.001402  2  1143.000000  0.069511  1.000000  2672.000000  0.102815  1.000000 
 -0.001516  2  1143.000000  0.069511  -1.000000  2782.000000  0.238078  -1.000000 
 0.001542  2  1143.000000  0.069511  -1.000000  2782.000000  0.238078  1.000000 
 -0.001381  2  159.000000  134.409000  1.000000  1454.000000  0.069972  -1.000000 
 0.001282  2  159.000000  134.409000  1.000000  1454.000000  0.069972  1.000000 
 -0.001726  2  159.000000  134.409000  -1.000000  28.000000  0.000559  -1.000000 
 0.001555  2  159.000000  134.409000  -1.000000  28.000000  0.000559  1.000000 
 -0.001218  2  580.000000  0.170546  -1.000000  2070.000000  0.165482  -1.000000 
 0.000948  2  580.000000  0.170546  -1.000000  2070.000000  0.165482  1.000000 
 0.001882  2  580.000000  0.170546  1.000000  1770.000000  0.212236  -1.000000 
 -0.002540  2  580.000000  0.170546  1.000000  1770.000000  0.212236  1.000000 
 0.001227  2  2536.000000  0.076920  -1.000000  2904.000000  0.235733  -1.000000 
 -0.002221  2  2536.000000  0.076920  -1.000000  2904.000000  0.235733  1.000000 
 -0.001831  2  2536.000000  0.076920  1.000000  3098.000000  0.257428  -1.000000 
 0.001225  2  2536.000000  0.076920  1.000000  3098.000000  0.257428  1.000000 
 -0.001386  2  2653.000000  0.072102  1.000000  2718.000000  0.014901  -1.000000 
 0.001441  2  2653.000000  0.072102  1.000000  2718.000000  0.014901  1.000000 
 -0.001358  2  2653.000000  0.072102  -1.000000  3734.000000  0.241325  -1.000000 
 0.002091  2  2653.000000  0.072102  -1.000000  3734.000000  0.241325  1.000000 
 -0.000937  2  2836.000000  0.001076  -1.000000  1688.000000  0.058032  -1.000000 
 0.001617  2  2836.000000  0.001076  -1.000000  1688.000000  0.058032  1.000000 
 -0.001379  2  2836.000000  0.001076  1.000000  331.000000  0.266562  -1.000000 
 0.002053  2  2836.000000  0.001076  1.000000  331.000000  0.266562  1.000000 
 0.001192  2  6.000000  11.335300  1.000000  1736.000000  0.102319  -1.000000 
 -0.001565  2  6.000000  11.335300  1.000000  1736.000000  0.102319  1.000000 
 -0.002014  2  6.000000  11.335300  -1.000000  3290.000000  0.356487  -1.000000 
 0.001617  2  6.000000  11.335300  -1.000000  3290.000000  0.356487  1.000000 
 0.001417  1  3040.000000  0.009500  -1.000000 
 0.001395  2  3040.000000  0.009500  1.000000  1847.000000  0.211136  1.000000 
 -0.001577  3  3040.000000  0.009500  1.000000  1847.000000  0.211136  -1.000000  153.000000  11.345250  -1.000000 
 0.001949  3  3040.000000  0.009500  1.000000  1847.000000  0.211136  -1.000000  153.000000  11.345250  1.000000 
 0.001291  2  3825.000000  -0.003838  -1.000000  2469.000000  0.093870  -1.000000 
 -0.001156  2  3825.000000  -0.003838  -1.000000  2469.000000  0.093870  1.000000 
 0.002355  2  3825.000000  -0.003838  1.000000  95.000000  0.406553  -1.000000 
 -0.001615  2  3825.000000  -0.003838  1.000000  95.000000  0.406553  1.000000 
 0.001443  2  9.000000  1.035505  -1.000000  3173.000000  0.100596  -1.000000 
 -0.001537  2  9.000000  1.035505  -1.000000  3173.000000  0.100596  1.000000 
 -0.001983  2  9.000000  1.035505  1.000000  3285.000000  0.130179  -1.000000 
 0.000946  2  9.000000  1.035505  1.000000  3285.000000  0.130179  1.000000 
 -0.003348  2  1652.000000  0.042332  -1.000000  48.000000  0.007331  -1.000000 
 0.001205  2  1652.000000  0.042332  -1.000000  48.000000  0.007331  1.000000 
 -0.001783  2  1652.000000  0.042332  1.000000  2895.000000  0.128794  -1.000000 
 0.000981  2  1652.000000  0.042332  1.000000  2895.000000  0.128794  1.000000 
 -0.001318  2  2964.000000  0.100310  -1.000000  1231.000000  0.119428  -1.000000 
 0.001014  2  2964.000000  0.100310  -1.000000  1231.000000  0.119428  1.000000 
 0.001336  2  2964.000000  0.100310  1.000000  3195.000000  0.114047  -1.000000 
 -0.002207  2  2964.000000  0.100310  1.000000  3195.000000  0.114047  1.000000 
 -0.001220  2  2519.000000  0.039650  -1.000000  3.000000  0.025185  -1.000000 
 0.001491  2  2519.000000  0.039650  -1.000000  3.000000  0.025185  1.000000 
 -0.001531  2  2519.000000  0.039650  1.000000  3790.000000  0.231667  -1.000000 
 0.001406  2  2519.000000  0.039650  1.000000  3790.000000  0.231667  1.000000 
 -0.001672  2  177.000000  409.717500  -1.000000  1313.000000  0.227696  -1.000000 
 0.002286  2  177.000000  409.717500  -1.000000  1313.000000  0.227696  1.000000 
 0.001223  2  177.000000  409.717500  1.000000  1367.000000  0.177985  -1.000000 
 -0.001719  2  177.000000  409.717500  1.000000  1367.000000  0.177985  1.000000 
 0.001397  1  2816.000000  0.000011  -1.000000 
 0.001076  2  2816.000000  0.000011  1.000000  2437.000000  0.275865  1.000000 
 -0.001684  3  2816.000000  0.000011  1.000000  2437.000000  0.275865  -1.000000  1316.000000  0.428401  -1.000000 
 0.002032  3  2816.000000  0.000011  1.000000  2437.000000  0.275865  -1.000000  1316.000000  0.428401  1.000000 
 -0.001152  2  139.000000  0.005261  -1.000000  377.000000  0.013924  -1.000000 
 0.001217  2  139.000000  0.005261  -1.000000  377.000000  0.013924  1.000000 
 -0.002215  2  139.000000  0.005261  1.000000  1715.000000  0.184389  -1.000000 
 0.001428  2  139.000000  0.005261  1.000000  1715.000000  0.184389  1.000000 
 -0.001535  2  3259.000000  0.000125  1.000000  2734.000000  0.180953  -1.000000 
 0.001257  2  3259.000000  0.000125  1.000000  2734.000000  0.180953  1.000000 
 -0.000720  2  3259.000000  0.000125  -1.000000  21.000000  0.002560  -1.000000 
 0.001959  2  3259.000000  0.000125  -1.000000  21.000000  0.002560  1.000000 
 0.002641  2  2443.000000  0.073894  -1.000000  2078.000000  -0.000000  -1.000000 
 -0.001055  2  2443.000000  0.073894  -1.000000  2078.000000  -0.000000  1.000000 
 0.001657  2  2443.000000  0.073894  1.000000  1613.000000  0.118273  -1.000000 
 -0.002095  2  2443.000000  0.073894  1.000000  1613.000000  0.118273  1.000000 
 0.001324  2  2728.000000  0.281251  -1.000000  3803.000000  -0.198456  -1.000000 
 -0.001400  2  2728.000000  0.281251  -1.000000  3803.000000  -0.198456  1.000000 
 -0.001295  2  2728.000000  0.281251  1.000000  11.000000  0.000398  -1.000000 
 0.001539  2  2728.000000  0.281251  1.000000  11.000000  0.000398  1.000000 
 -0.001078  1  2314.000000  0.072187  1.000000 
 -0.001811  2  2314.000000  0.072187  -1.000000  2599.000000  0.123630  1.000000 
 -0.001425  3  2314.000000  0.072187  -1.000000  2599.000000  0.123630  -1.000000  3.000000  0.024482  -1.000000 
 0.001573  3  2314.000000  0.072187  -1.000000  2599.000000  0.123630  -1.000000  3.000000  0.024482  1.000000 
 -0.000924  2  1855.000000  0.144245  1.000000  536.000000  0.061044  -1.000000 
 0.001881  2  1855.000000  0.144245  1.000000  536.000000  0.061044  1.000000 
 -0.001216  2  1855.000000  0.144245  -1.000000  36.000000  -0.000052  -1.000000 
 0.001708  2  1855.000000  0.144245  -1.000000  36.000000  -0.000052  1.000000 
 0.001713  2  441.000000  0.255297  1.000000  152.000000  -3.814825  -1.000000 
 -0.000852  2  441.000000  0.255297  1.000000  152.000000  -3.814825  1.000000 
 -0.001339  2  441.000000  0.255297  -1.000000  3288.000000  0.331894  -1.000000 
 0.001445  2  441.000000  0.255297  -1.000000  3288.000000  0.331894  1.000000 
 -0.001190  1  192.000000  -0.064784  1.000000 
 -0.001434  2  192.000000  -0.064784  -1.000000  2428.000000  0.047982  1.000000 
 0.001603  3  192.000000  -0.064784  -1.000000  2428.000000  0.047982  -1.000000  1299.000000  0.175747  -1.000000 
 -0.002498  3  192.000000  -0.064784  -1.000000  2428.000000  0.047982  -1.000000  1299.000000  0.175747  1.000000 
 -0.001346  1  2052.000000  0.048915  -1.000000 
 -0.001185  2  2052.000000  0.048915  1.000000  339.000000  0.120096  -1.000000 
 0.001687  3  2052.000000  0.048915  1.000000  339.000000  0.120096  1.000000  3062.000000  0.286616  -1.000000 
 -0.001724  3  2052.000000  0.048915  1.000000  339.000000  0.120096  1.000000  3062.000000  0.286616  1.000000 
 -0.001118  2  3218.000000  0.283613  -1.000000  572.000000  0.297766  -1.000000 
 0.002012  2  3218.000000  0.283613  -1.000000  572.000000  0.297766  1.000000 
 -0.001949  2  3218.000000  0.283613  1.000000  1523.000000  0.016042  -1.000000 
 0.001956  2  3218.000000  0.283613  1.000000  1523.000000  0.016042  1.000000 
 -0.000961  1  103.000000  0.514547  1.000000 
 -0.002986  2  103.000000  0.514547  -1.000000  118.000000  0.094859  -1.000000 
 0.001768  3  103.000000  0.514547  -1.000000  118.000000  0.094859  1.000000  2749.000000  0.199644  -1.000000 
 -0.001933  3  103.000000  0.514547  -1.000000  118.000000  0.094859  1.000000  2749.000000  0.199644  1.000000 
 -0.001834  2  2774.000000  0.083584  1.000000  2756.000000  0.293847  -1.000000 
 0.001533  2  2774.000000  0.083584  1.000000  2756.000000  0.293847  1.000000 
 0.001248  2  2774.000000  0.083584  -1.000000  1292.000000  0.179904  -1.000000 
 -0.002773  2  2774.000000  0.083584  -1.000000  1292.000000  0.179904  1.000000 
 -0.001580  2  2114.000000  0.107657  -1.000000  29.000000  0.000551  -1.000000 
 0.001759  2  2114.000000  0.107657  -1.000000  29.000000  0.000551  1.000000 
 -0.001565  2  2114.000000  0.107657  1.000000  2901.000000  0.024968  -1.000000 
 0.001610  2  2114.000000  0.107657  1.000000  2901.000000  0.024968  1.000000 
 0.001588  2  2856.000000  0.026098  -1.000000  2267.000000  0.147620  -1.000000 
 -0.000898  2  2856.000000  0.026098  -1.000000  2267.000000  0.147620  1.000000 
 0.001683  2  2856.000000  0.026098  1.000000  127.000000  0.018680  -1.000000 
 -0.001618  2  2856.000000  0.026098  1.000000  127.000000  0.018680  1.000000 
 0.001727  2  851.000000  0.245671  1.000000  3357.000000  0.354195  -1.000000 
 -0.002494  2  851.000000  0.245671  1.000000  3357.000000  0.354195  1.000000 
 -0.001876  2  851.000000  0.245671  -1.000000  441.000000  0.331759  -1.000000 
 0.000613  2  851.000000  0.245671  -1.000000  441.000000  0.331759  1.000000 
 0.001656  2  3724.000000  0.098134  1.000000  192.000000  -0.048530  -1.000000 
 -0.001077  2  3724.000000  0.098134  1.000000  192.000000  -0.048530  1.000000 
 0.001650  2  3724.000000  0.098134  -1.000000  2417.000000  0.000000  -1.000000 
 -0.001640  2  3724.000000  0.098134  -1.000000  2417.000000  0.000000  1.000000 
 -0.001233  2  1819.000000  0.075176  1.000000  60.000000  0.044486  -1.000000 
 0.001485  2  1819.000000  0.075176  1.000000  60.000000  0.044486  1.000000 
 -0.001243  2  1819.000000  0.075176  -1.000000  1454.000000  0.566775  -1.000000 
 0.001322  2  1819.000000  0.075176  -1.000000  1454.000000  0.566775  1.000000 
 -0.001259  2  1168.000000  0.117067  -1.000000  1630.000000  0.195491  -1.000000 
 0.001195  2  1168.000000  0.117067  -1.000000  1630.000000  0.195491  1.000000 
 0.001501  2  1168.000000  0.117067  1.000000  467.000000  0.614430  -1.000000 
 -0.002348  2  1168.000000  0.117067  1.000000  467.000000  0.614430  1.000000 
 -0.001539  2  1339.000000  0.023910  -1.000000  4.000000  0.024601  -1.000000 
 0.001378  2  1339.000000  0.023910  -1.000000  4.000000  0.024601  1.000000 
 0.001521  2  1339.000000  0.023910  1.000000  3379.000000  0.000000  -1.000000 
 -0.001771  2  1339.000000  0.023910  1.000000  3379.000000  0.000000  1.000000 
 -0.001097  1  402.000000  0.101787  -1.000000 
 -0.001692  2  402.000000  0.101787  1.000000  2120.000000  0.046757  -1.000000 
 0.001900  3  402.000000  0.101787  1.000000  2120.000000  0.046757  1.000000  3293.000000  0.137595  -1.000000 
 -0.001009  3  402.000000  0.101787  1.000000  2120.000000  0.046757  1.000000  3293.000000  0.137595  1.000000 
 -0.001704  2  2775.000000  0.030678  1.000000  1879.000000  0.079162  -1.000000 
 0.000865  2  2775.000000  0.030678  1.000000  1879.000000  0.079162  1.000000 
 0.001470  2  2775.000000  0.030678  -1.000000  3147.000000  0.069707  -1.000000 
 -0.001494  2  2775.000000  0.030678  -1.000000  3147.000000  0.069707  1.000000 
 -0.001041  1  150.000000  373.796000  -1.000000 
 -0.002107  2  150.000000  373.796000  1.000000  1068.000000  0.112549  1.000000 
 -0.001108  3  150.000000  373.796000  1.000000  1068.000000  0.112549  -1.000000  1603.000000  0.062658  -1.000000 
 0.001959  3  150.000000  373.796000  1.000000  1068.000000  0.112549  -1.000000  1603.000000  0.062658  1.000000 
 0.000622  2  1736.000000  0.041593  -1.000000  1868.000000  0.000023  -1.000000 
 -0.001980  2  1736.000000  0.041593  -1.000000  1868.000000  0.000023  1.000000 
 -0.001769  2  1736.000000  0.041593  1.000000  257.000000  -0.786293  -1.000000 
 0.001596  2  1736.000000  0.041593  1.000000  257.000000  -0.786293  1.000000 
 -0.001350  1  2449.000000  0.012529  1.000000 
 -0.000903  2  2449.000000  0.012529  -1.000000  1038.000000  0.087777  -1.000000 
 0.001843  3  2449.000000  0.012529  -1.000000  1038.000000  0.087777  1.000000  3196.000000  0.143630  -1.000000 
 -0.002756  3  2449.000000  0.012529  -1.000000  1038.000000  0.087777  1.000000  3196.000000  0.143630  1.000000 
 -0.001364  1  1976.000000  0.077136  -1.000000 
 -0.002122  2  1976.000000  0.077136  1.000000  3807.000000  -0.125065  1.000000 
 -0.001072  3  1976.000000  0.077136  1.000000  3807.000000  -0.125065  -1.000000  431.000000  0.099545  -1.000000 
 0.001822  3  1976.000000  0.077136  1.000000  3807.000000  -0.125065  -1.000000  431.000000  0.099545  1.000000 
 -0.001373  1  3356.000000  0.172096  1.000000 
 -0.001443  2  3356.000000  0.172096  -1.000000  3.000000  0.025522  -1.000000 
 0.001625  3  3356.000000  0.172096  -1.000000  3.000000  0.025522  1.000000  2414.000000  0.079472  -1.000000 
 -0.002510  3  3356.000000  0.172096  -1.000000  3.000000  0.025522  1.000000  2414.000000  0.079472  1.000000 
 -0.001475  2  1106.000000  0.116449  -1.000000  3420.000000  0.264540  -1.000000 
 0.001143  2  1106.000000  0.116449  -1.000000  3420.000000  0.264540  1.000000 
 -0.001094  2  1106.000000  0.116449  1.000000  860.000000  0.061587  -1.000000 
 0.001936  2  1106.000000  0.116449  1.000000  860.000000  0.061587  1.000000 
 0.001171  2  204.000000  -0.411757  -1.000000  1534.000000  0.151672  -1.000000 
 -0.001995  2  204.000000  -0.411757  -1.000000  1534.000000  0.151672  1.000000 
 -0.001977  2  204.000000  -0.411757  1.000000  1079.000000  0.133761  -1.000000 
 0.001276  2  204.000000  -0.411757  1.000000  1079.000000  0.133761  1.000000 
 -0.000952  1  132.000000  0.010663  1.000000 
 -0.001549  2  132.000000  0.010663  -1.000000  2876.000000  0.128900  1.000000 
 -0.001580  3  132.000000  0.010663  -1.000000  2876.000000  0.128900  -1.000000  1454.000000  0.073315  -1.000000 
 0.001812  3  132.000000  0.010663  -1.000000  2876.000000  0.128900  -1.000000  1454.000000  0.073315  1.000000 
 0.001443  2  1407.000000  0.038826  1.000000  3589.000000  0.000013  -1.000000 
 -0.001406  2  1407.000000  0.038826  1.000000  3589.000000  0.000013  1.000000 
 -0.002090  2  1407.000000  0.038826  -1.000000  4.000000  0.021364  -1.000000 
 0.001636  2  1407.000000  0.038826  -1.000000  4.000000  0.021364  1.000000 
 -0.001523  1  319.000000  0.030640  -1.000000 
 -0.001311  2  319.000000  0.030640  1.000000  3632.000000  0.053753  1.000000 
 -0.001083  3  319.000000  0.030640  1.000000  3632.000000  0.053753  -1.000000  171.000000  -0.062777  -1.000000 
 0.001793  3  319.000000  0.030640  1.000000  3632.000000  0.053753  -1.000000  171.000000  -0.062777  1.000000 
 0.001474  2  928.000000  0.164052  1.000000  2560.000000  0.187792  -1.000000 
 -0.001497  2  928.000000  0.164052  1.000000  2560.000000  0.187792  1.000000 
 -0.001328  2  928.000000  0.164052  -1.000000  2362.000000  0.410220  -1.000000 
 0.002528  2  928.000000  0.164052  -1.000000  2362.000000  0.410220  1.000000 
 0.000946  2  3505.000000  0.137085  -1.000000  3379.000000  0.000012  -1.000000 
 -0.002035  2  3505.000000  0.137085  -1.000000  3379.000000  0.000012  1.000000 
 0.001471  2  3505.000000  0.137085  1.000000  132.000000  0.013866  -1.000000 
 -0.001557  2  3505.000000  0.137085  1.000000  132.000000  0.013866  1.000000 
 0.000944  1  1758.000000  0.090274  1.000000 
 -0.001932  2  1758.000000  0.090274  -1.000000  1007.000000  0.000004  1.000000 
 -0.002780  3  1758.000000  0.090274  -1.000000  1007.000000  0.000004  -1.000000  162.000000  4.093395  -1.000000 
 0.001776  3  1758.000000  0.090274  -1.000000  1007.000000  0.000004  -1.000000  162.000000  4.093395  1.000000 
 0.001357  2  948.000000  0.074557  1.000000  659.000000  0.172939  -1.000000 
 -0.002532  2  948.000000  0.074557  1.000000  659.000000  0.172939  1.000000 
 -0.001266  2  948.000000  0.074557  -1.000000  2541.000000  0.332295  -1.000000 
 0.003094  2  948.000000  0.074557  -1.000000  2541.000000  0.332295  1.000000 
 -0.001213  2  46.000000  0.088424  -1.000000  1435.000000  0.216278  -1.000000 
 0.001425  2  46.000000  0.088424  -1.000000  1435.000000  0.216278  1.000000 
 0.001805  2  46.000000  0.088424  1.000000  3554.000000  0.103482  -1.000000 
 -0.000843  2  46.000000  0.088424  1.000000  3554.000000  0.103482  1.000000 
 -0.002117  2  23.000000  0.002187  1.000000  60.000000  0.041301  -1.000000 
 0.001660  2  23.000000  0.002187  1.000000  60.000000  0.041301  1.000000 
 -0.001442  2  23.000000  0.002187  -1.000000  2410.000000  0.461178  -1.000000 
 0.002346  2  23.000000  0.002187  -1.000000  2410.000000  0.461178  1.000000 
 -0.001149  2  2142.000000  0.142927  -1.000000  3387.000000  0.236799  -1.000000 
 0.001559  2  2142.000000  0.142927  -1.000000  3387.000000  0.236799  1.000000 
 0.001896  2  2142.000000  0.142927  1.000000  2638.000000  0.086268  -1.000000 
 -0.002352  2  2142.000000  0.142927  1.000000  2638.000000  0.086268  1.000000 
 -0.001101  1  132.000000  0.011472  1.000000 
 -0.001240  2  132.000000  0.011472  -1.000000  505.000000  0.274371  1.000000 
 0.001712  3  132.000000  0.011472  -1.000000  505.000000  0.274371  -1.000000  2124.000000  0.178285  -1.000000 
 -0.002406  3  132.000000  0.011472  -1.000000  505.000000  0.274371  -1.000000  2124.000000  0.178285  1.000000 
 0.001177  2  2536.000000  0.090421  -1.000000  1255.000000  0.152795  -1.000000 
 -0.002439  2  2536.000000  0.090421  -1.000000  1255.000000  0.152795  1.000000 
 -0.001762  2  2536.000000  0.090421  1.000000  1982.000000  0.119950  -1.000000 
 0.001676  2  2536.000000  0.090421  1.000000  1982.000000  0.119950  1.000000 
 0.000661  2  2129.000000  0.162421  -1.000000  3362.000000  0.000000  -1.000000 
 -0.001575  2  2129.000000  0.162421  -1.000000  3362.000000  0.000000  1.000000 
 -0.002173  2  2129.000000  0.162421  1.000000  891.000000  0.002431  -1.000000 
 0.001412  2  2129.000000  0.162421  1.000000  891.000000  0.002431  1.000000 
 -0.001424  2  1854.000000  0.170338  -1.000000  175.000000  7514.600000  -1.000000 
 0.002048  2  1854.000000  0.170338  -1.000000  175.000000  7514.600000  1.000000 
 0.001557  2  1854.000000  0.170338  1.000000  1592.000000  0.228355  -1.000000 
 -0.001475  2  1854.000000  0.170338  1.000000  1592.000000  0.228355  1.000000 
 0.001242  1  691.000000  0.110095  1.000000 
 -0.001550  2  691.000000  0.110095  -1.000000  1876.000000  0.008962  1.000000 
 0.001759  3  691.000000  0.110095  -1.000000  1876.000000  0.008962  -1.000000  189.000000  -0.005706  -1.000000 
 -0.003200  3  691.000000  0.110095  -1.000000  1876.000000  0.008962  -1.000000  189.000000  -0.005706  1.000000 
 -0.000949  1  440.000000  0.147161  -1.000000 
 -0.001617  2  440.000000  0.147161  1.000000  11.000000  0.000513  -1.000000 
 -0.001918  3  440.000000  0.147161  1.000000  11.000000  0.000513  1.000000  6.000000  9.460170  -1.000000 
 0.001662  3  440.000000  0.147161  1.000000  11.000000  0.000513  1.000000  6.000000  9.460170  1.000000 
 0.001250  2  2267.000000  0.147572  -1.000000  1459.000000  0.070546  -1.000000 
 -0.001374  2  2267.000000  0.147572  -1.000000  1459.000000  0.070546  1.000000 
 -0.001608  2  2267.000000  0.147572  1.000000  654.000000  0.254261  -1.000000 
 0.002044  2  2267.000000  0.147572  1.000000  654.000000  0.254261  1.000000 
 -0.001247  2  134.000000  0.013019  1.000000  2763.000000  0.244346  -1.000000 
 0.001520  2  134.000000  0.013019  1.000000  2763.000000  0.244346  1.000000 
 -0.001731  2  134.000000  0.013019  -1.000000  26.000000  -0.001551  -1.000000 
 0.001427  2  134.000000  0.013019  -1.000000  26.000000  -0.001551  1.000000 
 -0.002553  2  2106.000000  0.070585  -1.000000  164.000000  -0.099852  -1.000000 
 0.001331  2  2106.000000  0.070585  -1.000000  164.000000  -0.099852  1.000000 
 -0.001732  2  2106.000000  0.070585  1.000000  1576.000000  0.249699  -1.000000 
 0.000883  2  2106.000000  0.070585  1.000000  1576.000000  0.249699  1.000000 
 0.001465  2  1134.000000  0.094164  1.000000  2013.000000  0.147662  -1.000000 
 -0.002047  2  1134.000000  0.094164  1.000000  2013.000000  0.147662  1.000000 
 -0.001194  2  1134.000000  0.094164  -1.000000  675.000000  0.407813  -1.000000 
 0.001525  2  1134.000000  0.094164  -1.000000  675.000000  0.407813  1.000000 
 0.001557  2  940.000000  0.049450  -1.000000  677.000000  0.023622  -1.000000 
 -0.000798  2  940.000000  0.049450  -1.000000  677.000000  0.023622  1.000000 
 -0.001448  2  940.000000  0.049450  1.000000  1010.000000  0.454041  -1.000000 
 0.001965  2  940.000000  0.049450  1.000000  1010.000000  0.454041  1.000000 
 0.001196  2  1871.000000  0.042894  1.000000  3422.000000  0.205458  -1.000000 
 -0.002372  2  1871.000000  0.042894  1.000000  3422.000000  0.205458  1.000000 
 -0.001447  2  1871.000000  0.042894  -1.000000  127.000000  0.282732  -1.000000 
 0.002025  2  1871.000000  0.042894  -1.000000  127.000000  0.282732  1.000000 
 -0.000938  1  1038.000000  0.158461  -1.000000 
 -0.001368  2  1038.000000  0.158461  1.000000  2854.000000  0.069390  1.000000 
 0.001869  3  1038.000000  0.158461  1.000000  2854.000000  0.069390  -1.000000  737.000000  0.177373  -1.000000 
 -0.002509  3  1038.000000  0.158461  1.000000  2854.000000  0.069390  -1.000000  737.000000  0.177373  1.000000 
 -0.001452  2  1454.000000  0.192752  -1.000000  2897.000000  0.164954  -1.000000 
 0.001285  2  1454.000000  0.192752  -1.000000  2897.000000  0.164954  1.000000 
 0.001419  2  1454.000000  0.192752  1.000000  1064.000000  0.127133  -1.000000 
 -0.001586  2  1454.000000  0.192752  1.000000  1064.000000  0.127133  1.000000 
 -0.000932  1  2138.000000  0.063085  -1.000000 
 -0.001623  2  2138.000000  0.063085  1.000000  2691.000000  0.068475  -1.000000 
 -0.003233  3  2138.000000  0.063085  1.000000  2691.000000  0.068475  1.000000  61.000000  -0.012554  -1.000000 
 0.001756  3  2138.000000  0.063085  1.000000  2691.000000  0.068475  1.000000  61.000000  -0.012554  1.000000 
 0.001447  2  2420.000000  0.016855  -1.000000  2719.000000  0.080861  -1.000000 
 -0.001672  2  2420.000000  0.016855  -1.000000  2719.000000  0.080861  1.000000 
 -0.001376  2  2420.000000  0.016855  1.000000  909.000000  0.294177  -1.000000 
 0.001707  2  2420.000000  0.016855  1.000000  909.000000  0.294177  1.000000 
 -0.001953  2  180.000000  -412.592000  -1.000000  1603.000000  0.048464  -1.000000 
 0.001317  2  180.000000  -412.592000  -1.000000  1603.000000  0.048464  1.000000 
 -0.001623  2  180.000000  -412.592000  1.000000  2915.000000  0.195157  -1.000000 
 0.001253  2  180.000000  -412.592000  1.000000  2915.000000  0.195157  1.000000 
 -0.001168  1  97.000000  0.509591  1.000000 
 -0.002614  2  97.000000  0.509591  -1.000000  1339.000000  0.106105  1.000000 
 0.001678  3  97.000000  0.509591  -1.000000  1339.000000  0.106105  -1.000000  2314.000000  0.157399  -1.000000 
 -0.001598  3  97.000000  0.509591  -1.000000  1339.000000  0.106105  -1.000000  2314.000000  0.157399  1.000000 
 0.001271  2  3116.000000  0.014955  1.000000  834.000000  0.096623  -1.000000 
 -0.001612  2  3116.000000  0.014955  1.000000  834.000000  0.096623  1.000000 
 0.001297  2  3116.000000  0.014955  -1.000000  654.000000  0.000000  -1.000000 
 -0.001637  2  3116.000000  0.014955  -1.000000  654.000000  0.000000  1.000000 
 -0.001073  2  3218.000000  0.283613  -1.000000  2128.000000  0.210017  -1.000000 
 0.001435  2  3218.000000  0.283613  -1.000000  2128.000000  0.210017  1.000000 
 -0.001167  2  3218.000000  0.283613  1.000000  3199.000000  0.002469  -1.000000 
 0.001686  2  3218.000000  0.283613  1.000000  3199.000000  0.002469  1.000000 
 -0.001236  2  1445.000000  0.023464  1.000000  277.000000  0.159436  -1.000000 
 0.001249  2  1445.000000  0.023464  1.000000  277.000000  0.159436  1.000000 
 -0.002174  2  1445.000000  0.023464  -1.000000  72.000000  0.544169  -1.000000 
 0.001832  2  1445.000000  0.023464  -1.000000  72.000000  0.544169  1.000000 
 -0.001470  2  553.000000  0.245727  -1.000000  126.000000  0.827330  -1.000000 
 0.000870  2  553.000000  0.245727  -1.000000  126.000000  0.827330  1.000000 
 0.001503  2  553.000000  0.245727  1.000000  1944.000000  0.115135  -1.000000 
 -0.002463  2  553.000000  0.245727  1.000000  1944.000000  0.115135  1.000000 
 -0.001621  1  390.000000  0.009227  -1.000000 
 -0.002322  2  390.000000  0.009227  1.000000  2183.000000  0.211106  1.000000 
 -0.003372  3  390.000000  0.009227  1.000000  2183.000000  0.211106  -1.000000  119.000000  0.083224  -1.000000 
 0.001334  3  390.000000  0.009227  1.000000  2183.000000  0.211106  -1.000000  119.000000  0.083224  1.000000 
 -0.001702  2  1615.000000  0.012088  1.000000  610.000000  0.301604  -1.000000 
 0.000679  2  1615.000000  0.012088  1.000000  610.000000  0.301604  1.000000 
 0.001441  2  1615.000000  0.012088  -1.000000  1301.000000  0.083321  -1.000000 
 -0.001827  2  1615.000000  0.012088  -1.000000  1301.000000  0.083321  1.000000 
 -0.001724  2  3316.000000  0.096865  1.000000  1845.000000  0.023053  -1.000000 
 0.001547  2  3316.000000  0.096865  1.000000  1845.000000  0.023053  1.000000 
 -0.001607  2  3316.000000  0.096865  -1.000000  1454.000000  0.381246  -1.000000 
 0.000837  2  3316.000000  0.096865  -1.000000  1454.000000  0.381246  1.000000 
 -0.002087  1  3.000000  0.025190  -1.000000 
 -0.001256  2  3.000000  0.025190  1.000000  1348.000000  0.075619  1.000000 
 0.001495  3  3.000000  0.025190  1.000000  1348.000000  0.075619  -1.000000  1132.000000  0.262610  -1.000000 
 -0.002701  3  3.000000  0.025190  1.000000  1348.000000  0.075619  -1.000000  1132.000000  0.262610  1.000000 
 -0.001117  1  192.000000  -0.064784  1.000000 
 -0.001255  2  192.000000  -0.064784  -1.000000  1186.000000  0.000033  -1.000000 
 0.001733  3  192.000000  -0.064784  -1.000000  1186.000000  0.000033  1.000000  2384.000000  0.078316  -1.000000 
 -0.001288  3  192.000000  -0.064784  -1.000000  1186.000000  0.000033  1.000000  2384.000000  0.078316  1.000000 
 0.001126  1  767.000000  0.119529  1.000000 
 -0.001510  2  767.000000  0.119529  -1.000000  3518.000000  0.000022  1.000000 
 0.001921  3  767.000000  0.119529  -1.000000  3518.000000  0.000022  -1.000000  68.000000  0.114672  -1.000000 
 -0.002120  3  767.000000  0.119529  -1.000000  3518.000000  0.000022  -1.000000  68.000000  0.114672  1.000000 
 -0.001337  1  1244.000000  0.115723  -1.000000 
 -0.001059  2  1244.000000  0.115723  1.000000  1023.000000  0.018795  -1.000000 
 -0.003372  3  1244.000000  0.115723  1.000000  1023.000000  0.018795  1.000000  53.000000  -0.008107  -1.000000 
 0.001822  3  1244.000000  0.115723  1.000000  1023.000000  0.018795  1.000000  53.000000  -0.008107  1.000000 
 -0.001460  1  3010.000000  0.035415  1.000000 
 -0.001290  2  3010.000000  0.035415  -1.000000  3063.000000  0.014443  -1.000000 
 0.001775  3  3010.000000  0.035415  -1.000000  3063.000000  0.014443  1.000000  1292.000000  0.221265  -1.000000 
 -0.002479  3  3010.000000  0.035415  -1.000000  3063.000000  0.014443  1.000000  1292.000000  0.221265  1.000000 
 -0.001540  2  9.000000  1.032315  1.000000  2734.000000  0.180953  -1.000000 
 0.001797  2  9.000000  1.032315  1.000000  2734.000000  0.180953  1.000000 
 0.001276  2  9.000000  1.032315  -1.000000  2759.000000  0.100190  -1.000000 
 -0.001724  2  9.000000  1.032315  -1.000000  2759.000000  0.100190  1.000000 
 -0.001607  2  150.000000  583.950000  -1.000000  2475.000000  0.198744  -1.000000 
 0.000953  2  150.000000  583.950000  -1.000000  2475.000000  0.198744  1.000000 
 0.001593  2  150.000000  583.950000  1.000000  2130.000000  0.375564  -1.000000 
 -0.001859  2  150.000000  583.950000  1.000000  2130.000000  0.375564  1.000000 
 -0.001222  2  2840.000000  0.017700  -1.000000  1698.000000  0.034791  -1.000000 
 0.001358  2  2840.000000  0.017700  -1.000000  1698.000000  0.034791  1.000000 
 0.001493  2  2840.000000  0.017700  1.000000  106.000000  0.474230  -1.000000 
 -0.001511  2  2840.000000  0.017700  1.000000  106.000000  0.474230  1.000000 
 0.001466  1  1680.000000  0.009978  -1.000000 
 0.001962  2  1680.000000  0.009978  1.000000  3365.000000  0.153717  1.000000 
 -0.001590  3  1680.000000  0.009978  1.000000  3365.000000  0.153717  -1.000000  3066.000000  0.207655  -1.000000 
 0.001657  3  1680.000000  0.009978  1.000000  3365.000000  0.153717  -1.000000  3066.000000  0.207655  1.000000 
 -0.001182  1  3217.000000  0.017164  -1.000000 
 -0.001341  2  3217.000000  0.017164  1.000000  1295.000000  0.093474  1.000000 
 0.001808  3  3217.000000  0.017164  1.000000  1295.000000  0.093474  -1.000000  2389.000000  0.029800  -1.000000 
 -0.001320  3  3217.000000  0.017164  1.000000  1295.000000  0.093474  -1.000000  2389.000000  0.029800  1.000000 
 -0.001480  2  1809.000000  0.117680  -1.000000  602.000000  0.181275  -1.000000 
 0.001060  2  1809.000000  0.117680  -1.000000  602.000000  0.181275  1.000000 
 -0.003006  2  1809.000000  0.117680  1.000000  3097.000000  0.044715  -1.000000 
 0.001382  2  1809.000000  0.117680  1.000000  3097.000000  0.044715  1.000000 
 -0.001204  2  2347.000000  0.018254  1.000000  2900.000000  0.261665  -1.000000 
 0.001933  2  2347.000000  0.018254  1.000000  2900.000000  0.261665  1.000000 
 0.001840  2  2347.000000  0.018254  -1.000000  3518.000000  0.092994  -1.000000 
 -0.002065  2  2347.000000  0.018254  -1.000000  3518.000000  0.092994  1.000000 
 -0.001001  1  375.000000  0.156681  -1.000000 
 -0.002073  2  375.000000  0.156681  1.000000  48.000000  0.016928  -1.000000 
 0.001765  3  375.000000  0.156681  1.000000  48.000000  0.016928  1.000000  173.000000  0.134920  -1.000000 
 -0.001049  3  375.000000  0.156681  1.000000  48.000000  0.016928  1.000000  173.000000  0.134920  1.000000 
 -0.001235  1  91.000000  0.649152  1.000000 
 -0.001900  2  91.000000  0.649152  -1.000000  50.000000  0.011159  -1.000000 
 0.001419  3  91.000000  0.649152  -1.000000  50.000000  0.011159  1.000000  661.000000  0.161459  -1.000000 
 -0.002225  3  91.000000  0.649152  -1.000000  50.000000  0.011159  1.000000  661.000000  0.161459  1.000000 
 0.001271  1  3803.000000  -0.197602  -1.000000 
 0.001801  2  3803.000000  -0.197602  1.000000  2728.000000  0.483523  1.000000 
 -0.001547  3  3803.000000  -0.197602  1.000000  2728.000000  0.483523  -1.000000  970.000000  0.189621  -1.000000 
 0.002092  3  3803.000000  -0.197602  1.000000  2728.000000  0.483523  -1.000000  970.000000  0.189621  1.000000 
 0.001379  2  80.000000  0.703002  -1.000000  186.000000  -0.030700  -1.000000 
 -0.001192  2  80.000000  0.703002  -1.000000  186.000000  -0.030700  1.000000 
 -0.002099  2  80.000000  0.703002  1.000000  153.000000  10.998650  -1.000000 
 0.001742  2  80.000000  0.703002  1.000000  153.000000  10.998650  1.000000 
 -0.001013  2  26.000000  0.000255  -1.000000  2764.000000  0.271402  -1.000000 
 0.001454  2  26.000000  0.000255  -1.000000  2764.000000  0.271402  1.000000 
 0.002424  2  26.000000  0.000255  1.000000  2923.000000  0.124712  -1.000000 
 -0.002229  2  26.000000  0.000255  1.000000  2923.000000  0.124712  1.000000 
 -0.001948  1  5.000000  9.688475  -1.000000 
 -0.001874  2  5.000000  9.688475  1.000000  3222.000000  0.057227  1.000000 
 0.001324  3  5.000000  9.688475  1.000000  3222.000000  0.057227  -1.000000  1255.000000  0.226847  -1.000000 
 -0.002575  3  5.000000  9.688475  1.000000  3222.000000  0.057227  -1.000000  1255.000000  0.226847  1.000000 
 -0.000995  1  1011.000000  0.128326  1.000000 
 -0.002410  2  1011.000000  0.128326  -1.000000  2681.000000  0.159302  1.000000 
 0.001779  3  1011.000000  0.128326  -1.000000  2681.000000  0.159302  -1.000000  204.000000  -0.246133  -1.000000 
 -0.002475  3  1011.000000  0.128326  -1.000000  2681.000000  0.159302  -1.000000  204.000000  -0.246133  1.000000 
 -0.001358  1  547.000000  0.020767  -1.000000 
 -0.002085  2  547.000000  0.020767  1.000000  235.000000  -0.000033  -1.000000 
 0.001482  3  547.000000  0.020767  1.000000  235.000000  -0.000033  1.000000  1339.000000  0.106106  -1.000000 
 -0.001909  3  547.000000  0.020767  1.000000  235.000000  -0.000033  1.000000  1339.000000  0.106106  1.000000 
 -0.001464  2  872.000000  0.085021  -1.000000  3253.000000  0.496437  -1.000000 
 0.001365  2  872.000000  0.085021  -1.000000  3253.000000  0.496437  1.000000 
 0.001343  2  872.000000  0.085021  1.000000  1432.000000  0.212573  -1.000000 
 -0.003218  2  872.000000  0.085021  1.000000  1432.000000  0.212573  1.000000 
 -0.001281  2  583.000000  0.023040  1.000000  1968.000000  0.694359  -1.000000 
 0.002493  2  583.000000  0.023040  1.000000  1968.000000  0.694359  1.000000 
 0.001582  2  583.000000  0.023040  -1.000000  3328.000000  0.104867  -1.000000 
 -0.001284  2  583.000000  0.023040  -1.000000  3328.000000  0.104867  1.000000 
 -0.001840  2  1879.000000  0.020289  1.000000  2866.000000  0.001370  -1.000000 
 0.001183  2  1879.000000  0.020289  1.000000  2866.000000  0.001370  1.000000 
 -0.001867  2  1879.000000  0.020289  -1.000000  1369.000000  0.584167  -1.000000 
 0.001893  2  1879.000000  0.020289  -1.000000  1369.000000  0.584167  1.000000 
 -0.001297  2  2741.000000  0.002019  -1.000000  6.000000  9.151470  -1.000000 
 0.001139  2  2741.000000  0.002019  -1.000000  6.000000  9.151470  1.000000 
 -0.001806  2  2741.000000  0.002019  1.000000  3606.000000  0.172441  -1.000000 
 0.001266  2  2741.000000  0.002019  1.000000  3606.000000  0.172441  1.000000 
 0.001390  2  2114.000000  0.083714  1.000000  3077.000000  0.082896  -1.000000 
 -0.001272  2  2114.000000  0.083714  1.000000  3077.000000  0.082896  1.000000 
 -0.001803  2  2114.000000  0.083714  -1.000000  29.000000  0.000551  -1.000000 
 0.001645  2  2114.000000  0.083714  -1.000000  29.000000  0.000551  1.000000 
 0.001383  2  159.000000  134.409000  1.000000  1068.000000  0.063498  -1.000000 
 -0.001125  2  159.000000  134.409000  1.000000  1068.000000  0.063498  1.000000 
 -0.001879  2  159.000000  134.409000  -1.000000  1330.000000  0.139068  -1.000000 
 0.001499  2  159.000000  134.409000  -1.000000  1330.000000  0.139068  1.000000 
 0.001505  2  673.000000  0.119269  1.000000  2523.000000  0.145890  -1.000000 
 -0.002285  2  673.000000  0.119269  1.000000  2523.000000  0.145890  1.000000 
 -0.001558  2  673.000000  0.119269  -1.000000  3302.000000  0.189242  -1.000000 
 0.001575  2  673.000000  0.119269  -1.000000  3302.000000  0.189242  1.000000 
 -0.001214  2  1661.000000  0.000014  1.000000  171.000000  0.457379  -1.000000 
 0.001863  2  1661.000000  0.000014  1.000000  171.000000  0.457379  1.000000 
 0.001718  2  1661.000000  0.000014  -1.000000  1518.000000  0.174530  -1.000000 
 -0.002450  2  1661.000000  0.000014  -1.000000  1518.000000  0.174530  1.000000 
 -0.001948  2  3387.000000  0.049894  1.000000  66.000000  0.004927  -1.000000 
 0.001410  2  3387.000000  0.049894  1.000000  66.000000  0.004927  1.000000 
 -0.001343  2  3387.000000  0.049894  -1.000000  127.000000  0.425131  -1.000000 
 0.002385  2  3387.000000  0.049894  -1.000000  127.000000  0.425131  1.000000 
 -0.001182  1  139.000000  0.005261  1.000000 
 -0.001711  2  139.000000  0.005261  -1.000000  2913.000000  0.177679  1.000000 
 0.001572  3  139.000000  0.005261  -1.000000  2913.000000  0.177679  -1.000000  3819.000000  -0.027440  -1.000000 
 -0.002406  3  139.000000  0.005261  -1.000000  2913.000000  0.177679  -1.000000  3819.000000  -0.027440  1.000000 
 0.001410  2  95.000000  0.483881  -1.000000  1344.000000  0.180100  -1.000000 
 -0.001985  2  95.000000  0.483881  -1.000000  1344.000000  0.180100  1.000000 
 -0.001512  2  95.000000  0.483881  1.000000  3097.000000  0.680930  -1.000000 
 0.002864  2  95.000000  0.483881  1.000000  3097.000000  0.680930  1.000000 
 -0.001447  1  1506.000000  0.050851  -1.000000 
 -0.001940  2  1506.000000  0.050851  1.000000  41.000000  -0.007160  -1.000000 
 0.001545  3  1506.000000  0.050851  1.000000  41.000000  -0.007160  1.000000  3232.000000  0.205387  -1.000000 
 -0.002348  3  1506.000000  0.050851  1.000000  41.000000  -0.007160  1.000000  3232.000000  0.205387  1.000000 
 0.001394  2  1365.000000  0.043910  1.000000  1298.000000  0.156500  -1.000000 
 -0.001998  2  1365.000000  0.043910  1.000000  1298.000000  0.156500  1.000000 
 -0.001283  2  1365.000000  0.043910  -1.000000  3168.000000  0.421370  -1.000000 
 0.001769  2  1365.000000  0.043910  -1.000000  3168.000000  0.421370  1.000000 
