 400
  0.010610  2  177.000000  -479.700000  -1.000000  111.000000  0.541513  -1.000000 
 -0.007303  2  177.000000  -479.700000  -1.000000  111.000000  0.541513  1.000000 
 0.000656  2  177.000000  -479.700000  1.000000  149.000000  -572.067500  -1.000000 
 -0.010896  2  177.000000  -479.700000  1.000000  149.000000  -572.067500  1.000000 
 -0.006765  1  126.000000  0.468596  -1.000000 
 -0.004289  2  126.000000  0.468596  1.000000  120.000000  0.579797  1.000000 
 -0.004407  3  126.000000  0.468596  1.000000  120.000000  0.579797  -1.000000  42.000000  0.000254  -1.000000 
 0.008323  3  126.000000  0.468596  1.000000  120.000000  0.579797  -1.000000  42.000000  0.000254  1.000000 
 -0.004695  2  1.000000  0.002844  1.000000  126.000000  0.185156  -1.000000 
 0.003836  2  1.000000  0.002844  1.000000  126.000000  0.185156  1.000000 
 -0.004989  2  1.000000  0.002844  -1.000000  42.000000  0.006630  -1.000000 
 0.002356  2  1.000000  0.002844  -1.000000  42.000000  0.006630  1.000000 
 0.006408  2  147.000000  1.934715  1.000000  94.000000  0.383750  -1.000000 
 -0.005405  2  147.000000  1.934715  1.000000  94.000000  0.383750  1.000000 
 0.003583  2  147.000000  1.934715  -1.000000  129.000000  0.000762  -1.000000 
 -0.002236  2  147.000000  1.934715  -1.000000  129.000000  0.000762  1.000000 
 0.003343  2  1181.000000  0.129159  1.000000  3665.000000  0.094785  -1.000000 
 -0.001955  2  1181.000000  0.129159  1.000000  3665.000000  0.094785  1.000000 
 -0.003674  2  1181.000000  0.129159  -1.000000  119.000000  0.107016  -1.000000 
 0.001953  2  1181.000000  0.129159  -1.000000  119.000000  0.107016  1.000000 
 -0.002629  2  2728.000000  0.235841  -1.000000  3133.000000  0.292277  -1.000000 
 0.002137  2  2728.000000  0.235841  -1.000000  3133.000000  0.292277  1.000000 
 -0.002306  2  2728.000000  0.235841  1.000000  597.000000  0.029487  -1.000000 
 0.004336  2  2728.000000  0.235841  1.000000  597.000000  0.029487  1.000000 
 0.004220  2  127.000000  0.221073  -1.000000  96.000000  0.381126  -1.000000 
 -0.002529  2  127.000000  0.221073  -1.000000  96.000000  0.381126  1.000000 
 0.003838  2  127.000000  0.221073  1.000000  36.000000  0.000202  -1.000000 
 -0.006947  2  127.000000  0.221073  1.000000  36.000000  0.000202  1.000000 
 -0.003176  1  1119.000000  0.058360  -1.000000 
 -0.002144  2  1119.000000  0.058360  1.000000  686.000000  0.132342  1.000000 
 -0.003164  3  1119.000000  0.058360  1.000000  686.000000  0.132342  -1.000000  1.000000  0.001774  -1.000000 
 0.002826  3  1119.000000  0.058360  1.000000  686.000000  0.132342  -1.000000  1.000000  0.001774  1.000000 
 0.002591  2  68.000000  0.010320  1.000000  95.000000  0.494188  -1.000000 
 -0.003858  2  68.000000  0.010320  1.000000  95.000000  0.494188  1.000000 
 -0.002739  2  68.000000  0.010320  -1.000000  2158.000000  0.253759  -1.000000 
 0.003256  2  68.000000  0.010320  -1.000000  2158.000000  0.253759  1.000000 
 -0.003337  2  178.000000  -2408.610000  -1.000000  3217.000000  0.022146  -1.000000 
 0.002725  2  178.000000  -2408.610000  -1.000000  3217.000000  0.022146  1.000000 
 -0.004066  2  178.000000  -2408.610000  1.000000  18.000000  0.002978  -1.000000 
 0.001451  2  178.000000  -2408.610000  1.000000  18.000000  0.002978  1.000000 
 -0.001758  1  3192.000000  0.039350  1.000000 
 -0.002853  2  3192.000000  0.039350  -1.000000  35.000000  -0.010541  -1.000000 
 -0.002248  3  3192.000000  0.039350  -1.000000  35.000000  -0.010541  1.000000  2944.000000  0.002809  -1.000000 
 0.003325  3  3192.000000  0.039350  -1.000000  35.000000  -0.010541  1.000000  2944.000000  0.002809  1.000000 
 -0.003379  2  117.000000  0.050738  -1.000000  119.000000  0.042200  -1.000000 
 0.002685  2  117.000000  0.050738  -1.000000  119.000000  0.042200  1.000000 
 -0.002675  2  117.000000  0.050738  1.000000  1489.000000  0.293412  -1.000000 
 0.002037  2  117.000000  0.050738  1.000000  1489.000000  0.293412  1.000000 
 0.001223  2  3384.000000  0.176474  -1.000000  2387.000000  0.000010  -1.000000 
 -0.002427  2  3384.000000  0.176474  -1.000000  2387.000000  0.000010  1.000000 
 0.002679  2  3384.000000  0.176474  1.000000  1666.000000  0.139345  -1.000000 
 -0.001607  2  3384.000000  0.176474  1.000000  1666.000000  0.139345  1.000000 
 -0.001831  1  999.000000  0.052421  -1.000000 
 -0.002338  2  999.000000  0.052421  1.000000  2600.000000  0.124715  1.000000 
 0.002603  3  999.000000  0.052421  1.000000  2600.000000  0.124715  -1.000000  120.000000  0.517130  -1.000000 
 -0.002095  3  999.000000  0.052421  1.000000  2600.000000  0.124715  -1.000000  120.000000  0.517130  1.000000 
 0.002465  2  1530.000000  0.107935  1.000000  1211.000000  0.141352  -1.000000 
 -0.003778  2  1530.000000  0.107935  1.000000  1211.000000  0.141352  1.000000 
 -0.002470  2  1530.000000  0.107935  -1.000000  87.000000  0.501323  -1.000000 
 0.000890  2  1530.000000  0.107935  -1.000000  87.000000  0.501323  1.000000 
 -0.001868  1  1042.000000  0.093763  1.000000 
 -0.003595  2  1042.000000  0.093763  -1.000000  4.000000  0.021047  -1.000000 
 0.002518  3  1042.000000  0.093763  -1.000000  4.000000  0.021047  1.000000  1407.000000  0.160241  -1.000000 
 -0.001685  3  1042.000000  0.093763  -1.000000  4.000000  0.021047  1.000000  1407.000000  0.160241  1.000000 
 -0.001279  2  1067.000000  0.085382  1.000000  1810.000000  0.078804  -1.000000 
 0.002468  2  1067.000000  0.085382  1.000000  1810.000000  0.078804  1.000000 
 -0.002616  2  1067.000000  0.085382  -1.000000  3255.000000  0.282073  -1.000000 
 0.001388  2  1067.000000  0.085382  -1.000000  3255.000000  0.282073  1.000000 
 0.002350  2  66.000000  0.010519  1.000000  120.000000  0.544398  -1.000000 
 -0.003631  2  66.000000  0.010519  1.000000  120.000000  0.544398  1.000000 
 -0.002692  2  66.000000  0.010519  -1.000000  1879.000000  0.158210  -1.000000 
 0.001481  2  66.000000  0.010519  -1.000000  1879.000000  0.158210  1.000000 
 -0.001862  2  980.000000  0.065154  -1.000000  485.000000  0.000142  -1.000000 
 0.002547  2  980.000000  0.065154  -1.000000  485.000000  0.000142  1.000000 
 -0.002208  2  980.000000  0.065154  1.000000  1733.000000  0.389294  -1.000000 
 0.005790  2  980.000000  0.065154  1.000000  1733.000000  0.389294  1.000000 
 -0.001705  2  201.000000  0.094208  -1.000000  3828.000000  0.066044  -1.000000 
 0.002066  2  201.000000  0.094208  -1.000000  3828.000000  0.066044  1.000000 
 -0.002294  2  201.000000  0.094208  1.000000  3167.000000  0.326298  -1.000000 
 0.003266  2  201.000000  0.094208  1.000000  3167.000000  0.326298  1.000000 
 0.002340  1  2981.000000  0.306005  1.000000 
 -0.002805  2  2981.000000  0.306005  -1.000000  2938.000000  0.027856  1.000000 
 -0.001288  3  2981.000000  0.306005  -1.000000  2938.000000  0.027856  -1.000000  3514.000000  0.052398  -1.000000 
 0.002803  3  2981.000000  0.306005  -1.000000  2938.000000  0.027856  -1.000000  3514.000000  0.052398  1.000000 
 -0.002001  2  1227.000000  0.085933  1.000000  862.000000  0.060898  -1.000000 
 0.002406  2  1227.000000  0.085933  1.000000  862.000000  0.060898  1.000000 
 -0.002397  2  1227.000000  0.085933  -1.000000  1595.000000  0.157348  -1.000000 
 0.001288  2  1227.000000  0.085933  -1.000000  1595.000000  0.157348  1.000000 
 -0.002102  2  63.000000  0.013167  -1.000000  716.000000  0.167501  -1.000000 
 0.002382  2  63.000000  0.013167  -1.000000  716.000000  0.167501  1.000000 
 0.001981  2  63.000000  0.013167  1.000000  3380.000000  0.105841  -1.000000 
 -0.002472  2  63.000000  0.013167  1.000000  3380.000000  0.105841  1.000000 
 -0.002589  1  3822.000000  -0.004294  -1.000000 
 -0.001678  2  3822.000000  -0.004294  1.000000  649.000000  0.106832  1.000000 
 0.002162  3  3822.000000  -0.004294  1.000000  649.000000  0.106832  -1.000000  1859.000000  0.181415  -1.000000 
 -0.004097  3  3822.000000  -0.004294  1.000000  649.000000  0.106832  -1.000000  1859.000000  0.181415  1.000000 
 0.001789  2  2438.000000  0.160148  -1.000000  241.000000  -0.639458  -1.000000 
 -0.002097  2  2438.000000  0.160148  -1.000000  241.000000  -0.639458  1.000000 
 -0.001951  2  2438.000000  0.160148  1.000000  579.000000  0.041325  -1.000000 
 0.002320  2  2438.000000  0.160148  1.000000  579.000000  0.041325  1.000000 
 -0.001558  1  509.000000  0.106125  1.000000 
 -0.002195  2  509.000000  0.106125  -1.000000  129.000000  0.002130  1.000000 
 0.002748  3  509.000000  0.106125  -1.000000  129.000000  0.002130  -1.000000  1543.000000  0.193897  -1.000000 
 -0.001828  3  509.000000  0.106125  -1.000000  129.000000  0.002130  -1.000000  1543.000000  0.193897  1.000000 
 0.002928  2  22.000000  0.003142  1.000000  3810.000000  -0.090815  -1.000000 
 -0.002678  2  22.000000  0.003142  1.000000  3810.000000  -0.090815  1.000000 
 -0.002086  2  22.000000  0.003142  -1.000000  3384.000000  0.333206  -1.000000 
 0.002315  2  22.000000  0.003142  -1.000000  3384.000000  0.333206  1.000000 
 -0.002677  2  898.000000  0.099531  1.000000  767.000000  0.042041  -1.000000 
 0.002062  2  898.000000  0.099531  1.000000  767.000000  0.042041  1.000000 
 0.002444  2  898.000000  0.099531  -1.000000  185.000000  -0.150089  -1.000000 
 -0.002385  2  898.000000  0.099531  -1.000000  185.000000  -0.150089  1.000000 
 -0.001912  2  144.000000  0.423652  1.000000  2867.000000  0.380455  -1.000000 
 0.003309  2  144.000000  0.423652  1.000000  2867.000000  0.380455  1.000000 
 0.002273  2  144.000000  0.423652  -1.000000  1223.000000  0.135177  -1.000000 
 -0.002324  2  144.000000  0.423652  -1.000000  1223.000000  0.135177  1.000000 
 -0.001828  1  2455.000000  0.092945  1.000000 
 -0.001779  2  2455.000000  0.092945  -1.000000  1403.000000  0.034897  -1.000000 
 0.002657  3  2455.000000  0.092945  -1.000000  1403.000000  0.034897  1.000000  2062.000000  0.182262  -1.000000 
 -0.001996  3  2455.000000  0.092945  -1.000000  1403.000000  0.034897  1.000000  2062.000000  0.182262  1.000000 
 -0.002440  2  797.000000  0.075035  1.000000  19.000000  0.000115  -1.000000 
 0.001859  2  797.000000  0.075035  1.000000  19.000000  0.000115  1.000000 
 -0.002021  2  797.000000  0.075035  -1.000000  1584.000000  0.229660  -1.000000 
 0.002975  2  797.000000  0.075035  -1.000000  1584.000000  0.229660  1.000000 
 -0.001393  1  3480.000000  0.048049  1.000000 
 -0.002670  2  3480.000000  0.048049  -1.000000  2.000000  0.155053  -1.000000 
 0.002535  3  3480.000000  0.048049  -1.000000  2.000000  0.155053  1.000000  2196.000000  0.298837  -1.000000 
 -0.003380  3  3480.000000  0.048049  -1.000000  2.000000  0.155053  1.000000  2196.000000  0.298837  1.000000 
 0.002292  2  3708.000000  0.078603  1.000000  159.000000  36.917900  -1.000000 
 -0.001885  2  3708.000000  0.078603  1.000000  159.000000  36.917900  1.000000 
 -0.002108  2  3708.000000  0.078603  -1.000000  2038.000000  0.256036  -1.000000 
 0.003252  2  3708.000000  0.078603  -1.000000  2038.000000  0.256036  1.000000 
 0.002044  2  119.000000  0.073099  1.000000  79.000000  0.564326  -1.000000 
 -0.002685  2  119.000000  0.073099  1.000000  79.000000  0.564326  1.000000 
 -0.002381  2  119.000000  0.073099  -1.000000  1275.000000  0.250272  -1.000000 
 0.002492  2  119.000000  0.073099  -1.000000  1275.000000  0.250272  1.000000 
 -0.002993  2  3218.000000  0.171484  1.000000  2420.000000  0.004330  -1.000000 
 0.002313  2  3218.000000  0.171484  1.000000  2420.000000  0.004330  1.000000 
 -0.002445  2  3218.000000  0.171484  -1.000000  2597.000000  0.150428  -1.000000 
 0.001133  2  3218.000000  0.171484  -1.000000  2597.000000  0.150428  1.000000 
 -0.001973  2  694.000000  0.161125  -1.000000  2846.000000  0.345453  -1.000000 
 0.002494  2  694.000000  0.161125  -1.000000  2846.000000  0.345453  1.000000 
 0.002232  2  694.000000  0.161125  1.000000  1042.000000  0.132426  -1.000000 
 -0.002177  2  694.000000  0.161125  1.000000  1042.000000  0.132426  1.000000 
 0.002052  2  5.000000  13.952700  1.000000  1223.000000  0.147470  -1.000000 
 -0.004482  2  5.000000  13.952700  1.000000  1223.000000  0.147470  1.000000 
 -0.002371  2  5.000000  13.952700  -1.000000  674.000000  0.180468  -1.000000 
 0.001427  2  5.000000  13.952700  -1.000000  674.000000  0.180468  1.000000 
 -0.002026  2  1832.000000  0.066438  1.000000  2884.000000  0.310358  -1.000000 
 0.004075  2  1832.000000  0.066438  1.000000  2884.000000  0.310358  1.000000 
 0.001911  2  1832.000000  0.066438  -1.000000  3591.000000  0.359182  -1.000000 
 -0.003654  2  1832.000000  0.066438  -1.000000  3591.000000  0.359182  1.000000 
 -0.002217  2  3254.000000  0.205566  1.000000  1778.000000  0.033296  -1.000000 
 0.002362  2  3254.000000  0.205566  1.000000  1778.000000  0.033296  1.000000 
 -0.001901  2  3254.000000  0.205566  -1.000000  2059.000000  0.183353  -1.000000 
 0.002065  2  3254.000000  0.205566  -1.000000  2059.000000  0.183353  1.000000 
 0.001983  2  772.000000  0.103329  -1.000000  129.000000  0.000960  -1.000000 
 -0.001868  2  772.000000  0.103329  -1.000000  129.000000  0.000960  1.000000 
 -0.002259  2  772.000000  0.103329  1.000000  1465.000000  0.235003  -1.000000 
 0.003781  2  772.000000  0.103329  1.000000  1465.000000  0.235003  1.000000 
 -0.001293  2  128.000000  0.008092  1.000000  61.000000  -0.001919  -1.000000 
 0.002130  2  128.000000  0.008092  1.000000  61.000000  -0.001919  1.000000 
 -0.002588  2  128.000000  0.008092  -1.000000  2944.000000  0.347974  -1.000000 
 0.002992  2  128.000000  0.008092  -1.000000  2944.000000  0.347974  1.000000 
 -0.001665  2  1119.000000  0.164564  -1.000000  2880.000000  0.230302  -1.000000 
 0.001862  2  1119.000000  0.164564  -1.000000  2880.000000  0.230302  1.000000 
 -0.003490  2  1119.000000  0.164564  1.000000  1129.000000  0.025872  -1.000000 
 0.002364  2  1119.000000  0.164564  1.000000  1129.000000  0.025872  1.000000 
 -0.001698  2  1103.000000  0.120956  -1.000000  3673.000000  0.227288  -1.000000 
 0.002291  2  1103.000000  0.120956  -1.000000  3673.000000  0.227288  1.000000 
 0.001876  2  1103.000000  0.120956  1.000000  3371.000000  0.155167  -1.000000 
 -0.005666  2  1103.000000  0.120956  1.000000  3371.000000  0.155167  1.000000 
 -0.002128  1  587.000000  0.125142  1.000000 
 -0.002209  2  587.000000  0.125142  -1.000000  1578.000000  0.202278  1.000000 
 0.001947  3  587.000000  0.125142  -1.000000  1578.000000  0.202278  -1.000000  753.000000  0.244638  -1.000000 
 -0.004705  3  587.000000  0.125142  -1.000000  1578.000000  0.202278  -1.000000  753.000000  0.244638  1.000000 
 -0.003124  2  66.000000  0.009393  1.000000  3818.000000  -0.032570  -1.000000 
 0.001799  2  66.000000  0.009393  1.000000  3818.000000  -0.032570  1.000000 
 -0.002972  2  66.000000  0.009393  -1.000000  2219.000000  0.131809  -1.000000 
 0.001241  2  66.000000  0.009393  -1.000000  2219.000000  0.131809  1.000000 
 -0.002836  2  1835.000000  0.087560  1.000000  20.000000  0.000261  -1.000000 
 0.002182  2  1835.000000  0.087560  1.000000  20.000000  0.000261  1.000000 
 -0.001691  2  1835.000000  0.087560  -1.000000  3547.000000  0.259386  -1.000000 
 0.004353  2  1835.000000  0.087560  -1.000000  3547.000000  0.259386  1.000000 
 -0.002242  1  1574.000000  0.142276  1.000000 
 -0.001492  2  1574.000000  0.142276  -1.000000  816.000000  0.020372  -1.000000 
 0.002103  3  1574.000000  0.142276  -1.000000  816.000000  0.020372  1.000000  2451.000000  0.145323  -1.000000 
 -0.003147  3  1574.000000  0.142276  -1.000000  816.000000  0.020372  1.000000  2451.000000  0.145323  1.000000 
 0.002132  2  177.000000  21.581400  -1.000000  3093.000000  0.071316  -1.000000 
 -0.001576  2  177.000000  21.581400  -1.000000  3093.000000  0.071316  1.000000 
 -0.002219  2  177.000000  21.581400  1.000000  239.000000  1559.590000  -1.000000 
 0.001673  2  177.000000  21.581400  1.000000  239.000000  1559.590000  1.000000 
 -0.001823  2  533.000000  0.092558  -1.000000  1456.000000  0.033203  -1.000000 
 0.001940  2  533.000000  0.092558  -1.000000  1456.000000  0.033203  1.000000 
 -0.002204  2  533.000000  0.092558  1.000000  2859.000000  0.228291  -1.000000 
 0.003636  2  533.000000  0.092558  1.000000  2859.000000  0.228291  1.000000 
 -0.002230  2  67.000000  0.013321  -1.000000  2811.000000  0.212124  -1.000000 
 0.002205  2  67.000000  0.013321  -1.000000  2811.000000  0.212124  1.000000 
 0.001705  2  67.000000  0.013321  1.000000  209.000000  57.867950  -1.000000 
 -0.003000  2  67.000000  0.013321  1.000000  209.000000  57.867950  1.000000 
 -0.001854  1  3789.000000  0.046930  -1.000000 
 -0.002974  2  3789.000000  0.046930  1.000000  1259.000000  0.151056  1.000000 
 -0.002640  3  3789.000000  0.046930  1.000000  1259.000000  0.151056  -1.000000  1403.000000  0.028051  -1.000000 
 0.002043  3  3789.000000  0.046930  1.000000  1259.000000  0.151056  -1.000000  1403.000000  0.028051  1.000000 
 -0.001567  1  3810.000000  -0.104666  -1.000000 
 -0.002032  2  3810.000000  -0.104666  1.000000  698.000000  0.145659  1.000000 
 0.002499  3  3810.000000  -0.104666  1.000000  698.000000  0.145659  -1.000000  20.000000  0.012652  -1.000000 
 -0.005569  3  3810.000000  -0.104666  1.000000  698.000000  0.145659  -1.000000  20.000000  0.012652  1.000000 
 -0.001583  1  3222.000000  0.027408  1.000000 
 -0.003210  2  3222.000000  0.027408  -1.000000  204.000000  -0.302602  -1.000000 
 -0.001650  3  3222.000000  0.027408  -1.000000  204.000000  -0.302602  1.000000  2708.000000  0.000044  -1.000000 
 0.003049  3  3222.000000  0.027408  -1.000000  204.000000  -0.302602  1.000000  2708.000000  0.000044  1.000000 
 -0.001896  1  74.000000  0.429254  -1.000000 
 -0.003838  2  74.000000  0.429254  1.000000  3093.000000  0.153930  1.000000 
 0.002201  3  74.000000  0.429254  1.000000  3093.000000  0.153930  -1.000000  920.000000  0.175652  -1.000000 
 -0.003379  3  74.000000  0.429254  1.000000  3093.000000  0.153930  -1.000000  920.000000  0.175652  1.000000 
 -0.001986  2  2.000000  0.219937  -1.000000  1235.000000  0.243266  -1.000000 
 0.001661  2  2.000000  0.219937  -1.000000  1235.000000  0.243266  1.000000 
 0.001836  2  2.000000  0.219937  1.000000  79.000000  0.564083  -1.000000 
 -0.002665  2  2.000000  0.219937  1.000000  79.000000  0.564083  1.000000 
 0.001688  2  2600.000000  0.044388  -1.000000  2813.000000  0.210010  -1.000000 
 -0.003511  2  2600.000000  0.044388  -1.000000  2813.000000  0.210010  1.000000 
 -0.002212  2  2600.000000  0.044388  1.000000  832.000000  0.355785  -1.000000 
 0.004001  2  2600.000000  0.044388  1.000000  832.000000  0.355785  1.000000 
 -0.001735  2  2935.000000  0.090455  -1.000000  3457.000000  0.105804  -1.000000 
 0.001420  2  2935.000000  0.090455  -1.000000  3457.000000  0.105804  1.000000 
 0.002889  2  2935.000000  0.090455  1.000000  3378.000000  0.076103  -1.000000 
 -0.002326  2  2935.000000  0.090455  1.000000  3378.000000  0.076103  1.000000 
 0.002090  2  579.000000  0.098815  1.000000  3005.000000  0.080716  -1.000000 
 -0.001941  2  579.000000  0.098815  1.000000  3005.000000  0.080716  1.000000 
 -0.002363  2  579.000000  0.098815  -1.000000  3707.000000  0.172903  -1.000000 
 0.001181  2  579.000000  0.098815  -1.000000  3707.000000  0.172903  1.000000 
 0.001586  2  1394.000000  0.117500  -1.000000  3661.000000  0.184534  -1.000000 
 -0.002870  2  1394.000000  0.117500  -1.000000  3661.000000  0.184534  1.000000 
 0.002456  2  1394.000000  0.117500  1.000000  1634.000000  0.000008  -1.000000 
 -0.002348  2  1394.000000  0.117500  1.000000  1634.000000  0.000008  1.000000 
 -0.001240  2  1440.000000  0.047052  1.000000  1480.000000  0.071121  -1.000000 
 0.002073  2  1440.000000  0.047052  1.000000  1480.000000  0.071121  1.000000 
 -0.002343  2  1440.000000  0.047052  -1.000000  1076.000000  0.294523  -1.000000 
 0.003367  2  1440.000000  0.047052  -1.000000  1076.000000  0.294523  1.000000 
 -0.001966  1  2414.000000  0.062018  1.000000 
 -0.003028  2  2414.000000  0.062018  -1.000000  3535.000000  0.223183  1.000000 
 0.001839  3  2414.000000  0.062018  -1.000000  3535.000000  0.223183  -1.000000  3682.000000  0.297574  -1.000000 
 -0.003713  3  2414.000000  0.062018  -1.000000  3535.000000  0.223183  -1.000000  3682.000000  0.297574  1.000000 
 0.002254  2  562.000000  0.084294  1.000000  2471.000000  0.129879  -1.000000 
 -0.001907  2  562.000000  0.084294  1.000000  2471.000000  0.129879  1.000000 
 0.002400  2  562.000000  0.084294  -1.000000  228.000000  -0.102188  -1.000000 
 -0.001746  2  562.000000  0.084294  -1.000000  228.000000  -0.102188  1.000000 
 -0.002463  1  3822.000000  -0.004331  -1.000000 
 -0.004418  2  3822.000000  -0.004331  1.000000  126.000000  0.212392  -1.000000 
 0.002167  3  3822.000000  -0.004331  1.000000  126.000000  0.212392  1.000000  129.000000  0.001750  -1.000000 
 -0.001022  3  3822.000000  -0.004331  1.000000  126.000000  0.212392  1.000000  129.000000  0.001750  1.000000 
 0.001784  2  1820.000000  0.058545  1.000000  1964.000000  0.109198  -1.000000 
 -0.001531  2  1820.000000  0.058545  1.000000  1964.000000  0.109198  1.000000 
 -0.002419  2  1820.000000  0.058545  -1.000000  2153.000000  0.173030  -1.000000 
 0.001905  2  1820.000000  0.058545  -1.000000  2153.000000  0.173030  1.000000 
 -0.001991  1  65.000000  0.000603  -1.000000 
 -0.002804  2  65.000000  0.000603  1.000000  4.000000  0.021045  -1.000000 
 0.002599  3  65.000000  0.000603  1.000000  4.000000  0.021045  1.000000  3143.000000  0.152824  -1.000000 
 -0.001797  3  65.000000  0.000603  1.000000  4.000000  0.021045  1.000000  3143.000000  0.152824  1.000000 
 0.002399  2  127.000000  0.221073  -1.000000  95.000000  0.385647  -1.000000 
 -0.001680  2  127.000000  0.221073  -1.000000  95.000000  0.385647  1.000000 
 -0.001369  2  127.000000  0.221073  1.000000  2118.000000  0.029908  -1.000000 
 0.002712  2  127.000000  0.221073  1.000000  2118.000000  0.029908  1.000000 
 -0.001960  2  444.000000  0.050801  1.000000  1181.000000  0.271547  -1.000000 
 0.002374  2  444.000000  0.050801  1.000000  1181.000000  0.271547  1.000000 
 -0.001382  2  444.000000  0.050801  -1.000000  3451.000000  0.017512  -1.000000 
 0.002644  2  444.000000  0.050801  -1.000000  3451.000000  0.017512  1.000000 
 0.002033  2  126.000000  0.659529  1.000000  15.000000  0.008860  -1.000000 
 -0.003668  2  126.000000  0.659529  1.000000  15.000000  0.008860  1.000000 
 -0.001989  2  126.000000  0.659529  -1.000000  2158.000000  0.251038  -1.000000 
 0.002269  2  126.000000  0.659529  -1.000000  2158.000000  0.251038  1.000000 
 0.001868  2  358.000000  0.062604  1.000000  1720.000000  0.144960  -1.000000 
 -0.002254  2  358.000000  0.062604  1.000000  1720.000000  0.144960  1.000000 
 -0.002711  2  358.000000  0.062604  -1.000000  182.000000  0.073355  -1.000000 
 0.001692  2  358.000000  0.062604  -1.000000  182.000000  0.073355  1.000000 
 0.001773  2  1464.000000  0.047686  1.000000  1900.000000  0.160666  -1.000000 
 -0.002922  2  1464.000000  0.047686  1.000000  1900.000000  0.160666  1.000000 
 -0.002067  2  1464.000000  0.047686  -1.000000  780.000000  0.252590  -1.000000 
 0.003907  2  1464.000000  0.047686  -1.000000  780.000000  0.252590  1.000000 
 0.002237  2  11.000000  0.001562  1.000000  193.000000  0.155954  -1.000000 
 -0.002068  2  11.000000  0.001562  1.000000  193.000000  0.155954  1.000000 
 0.002108  2  11.000000  0.001562  -1.000000  735.000000  0.000013  -1.000000 
 -0.002105  2  11.000000  0.001562  -1.000000  735.000000  0.000013  1.000000 
 -0.002389  2  1236.000000  0.159299  -1.000000  1585.000000  0.157991  -1.000000 
 0.001539  2  1236.000000  0.159299  -1.000000  1585.000000  0.157991  1.000000 
 -0.001479  2  1236.000000  0.159299  1.000000  3719.000000  0.037745  -1.000000 
 0.001962  2  1236.000000  0.159299  1.000000  3719.000000  0.037745  1.000000 
 0.001769  2  204.000000  -0.091070  1.000000  39.000000  -0.000321  -1.000000 
 -0.003370  2  204.000000  -0.091070  1.000000  39.000000  -0.000321  1.000000 
 0.004249  2  204.000000  -0.091070  -1.000000  199.000000  3.492710  -1.000000 
 -0.002026  2  204.000000  -0.091070  -1.000000  199.000000  3.492710  1.000000 
 -0.001717  2  862.000000  0.141431  -1.000000  1638.000000  0.196293  -1.000000 
 0.002287  2  862.000000  0.141431  -1.000000  1638.000000  0.196293  1.000000 
 -0.002058  2  862.000000  0.141431  1.000000  128.000000  0.001576  -1.000000 
 0.002352  2  862.000000  0.141431  1.000000  128.000000  0.001576  1.000000 
 -0.001309  2  642.000000  0.055037  -1.000000  6.000000  11.033700  -1.000000 
 0.002271  2  642.000000  0.055037  -1.000000  6.000000  11.033700  1.000000 
 -0.002209  2  642.000000  0.055037  1.000000  2652.000000  0.278214  -1.000000 
 0.002306  2  642.000000  0.055037  1.000000  2652.000000  0.278214  1.000000 
 -0.002105  2  1714.000000  0.066154  1.000000  2580.000000  0.214958  -1.000000 
 0.002005  2  1714.000000  0.066154  1.000000  2580.000000  0.214958  1.000000 
 -0.001229  2  1714.000000  0.066154  -1.000000  460.000000  0.049588  -1.000000 
 0.002703  2  1714.000000  0.066154  -1.000000  460.000000  0.049588  1.000000 
 -0.001613  2  687.000000  0.034849  1.000000  2407.000000  0.170994  -1.000000 
 0.002147  2  687.000000  0.034849  1.000000  2407.000000  0.170994  1.000000 
 0.002467  2  687.000000  0.034849  -1.000000  3044.000000  0.155794  -1.000000 
 -0.001798  2  687.000000  0.034849  -1.000000  3044.000000  0.155794  1.000000 
 -0.001817  2  593.000000  0.054279  1.000000  927.000000  0.078577  -1.000000 
 0.002045  2  593.000000  0.054279  1.000000  927.000000  0.078577  1.000000 
 0.001550  2  593.000000  0.054279  -1.000000  1865.000000  0.000000  -1.000000 
 -0.002336  2  593.000000  0.054279  -1.000000  1865.000000  0.000000  1.000000 
 -0.001554  1  2895.000000  0.077677  1.000000 
 -0.001995  2  2895.000000  0.077677  -1.000000  89.000000  0.442391  -1.000000 
 0.002187  3  2895.000000  0.077677  -1.000000  89.000000  0.442391  1.000000  211.000000  1.983545  -1.000000 
 -0.003309  3  2895.000000  0.077677  -1.000000  89.000000  0.442391  1.000000  211.000000  1.983545  1.000000 
 0.001618  2  1787.000000  0.059330  1.000000  488.000000  0.183887  -1.000000 
 -0.002602  2  1787.000000  0.059330  1.000000  488.000000  0.183887  1.000000 
 -0.002679  2  1787.000000  0.059330  -1.000000  3133.000000  0.283719  -1.000000 
 0.001192  2  1787.000000  0.059330  -1.000000  3133.000000  0.283719  1.000000 
 -0.002259  2  891.000000  0.115070  -1.000000  2846.000000  0.290276  -1.000000 
 0.002029  2  891.000000  0.115070  -1.000000  2846.000000  0.290276  1.000000 
 -0.001258  2  891.000000  0.115070  1.000000  731.000000  0.089048  -1.000000 
 0.002325  2  891.000000  0.115070  1.000000  731.000000  0.089048  1.000000 
 -0.001930  2  2924.000000  0.108807  -1.000000  3198.000000  0.001486  -1.000000 
 0.001512  2  2924.000000  0.108807  -1.000000  3198.000000  0.001486  1.000000 
 -0.002085  2  2924.000000  0.108807  1.000000  2111.000000  0.249519  -1.000000 
 0.005317  2  2924.000000  0.108807  1.000000  2111.000000  0.249519  1.000000 
 -0.001365  1  2939.000000  0.056066  1.000000 
 -0.002277  2  2939.000000  0.056066  -1.000000  150.000000  145.955500  1.000000 
 0.002321  3  2939.000000  0.056066  -1.000000  150.000000  145.955500  -1.000000  633.000000  0.166506  -1.000000 
 -0.003810  3  2939.000000  0.056066  -1.000000  150.000000  145.955500  -1.000000  633.000000  0.166506  1.000000 
 0.001620  2  1412.000000  0.091819  1.000000  107.000000  0.537189  -1.000000 
 -0.002641  2  1412.000000  0.091819  1.000000  107.000000  0.537189  1.000000 
 -0.002494  2  1412.000000  0.091819  -1.000000  116.000000  0.498269  -1.000000 
 0.001714  2  1412.000000  0.091819  -1.000000  116.000000  0.498269  1.000000 
 -0.001666  1  68.000000  0.001304  -1.000000 
 -0.003255  2  68.000000  0.001304  1.000000  3821.000000  -0.004765  -1.000000 
 0.002091  3  68.000000  0.001304  1.000000  3821.000000  -0.004765  1.000000  2788.000000  0.236227  -1.000000 
 -0.003936  3  68.000000  0.001304  1.000000  3821.000000  -0.004765  1.000000  2788.000000  0.236227  1.000000 
 -0.002050  2  366.000000  0.136247  -1.000000  157.000000  1346.530000  -1.000000 
 0.002680  2  366.000000  0.136247  -1.000000  157.000000  1346.530000  1.000000 
 0.002036  2  366.000000  0.136247  1.000000  2103.000000  0.360263  -1.000000 
 -0.003171  2  366.000000  0.136247  1.000000  2103.000000  0.360263  1.000000 
 0.001873  2  44.000000  -0.001013  1.000000  129.000000  0.004086  -1.000000 
 -0.002744  2  44.000000  -0.001013  1.000000  129.000000  0.004086  1.000000 
 -0.003296  2  44.000000  -0.001013  -1.000000  127.000000  0.212263  -1.000000 
 0.001290  2  44.000000  -0.001013  -1.000000  127.000000  0.212263  1.000000 
 -0.002086  2  135.000000  0.010658  1.000000  947.000000  0.228589  -1.000000 
 0.001536  2  135.000000  0.010658  1.000000  947.000000  0.228589  1.000000 
 0.002214  2  135.000000  0.010658  -1.000000  1860.000000  0.133819  -1.000000 
 -0.003263  2  135.000000  0.010658  -1.000000  1860.000000  0.133819  1.000000 
 0.002431  2  2158.000000  0.120119  1.000000  1168.000000  0.205538  -1.000000 
 -0.002215  2  2158.000000  0.120119  1.000000  1168.000000  0.205538  1.000000 
 0.001276  2  2158.000000  0.120119  -1.000000  109.000000  0.434036  -1.000000 
 -0.001793  2  2158.000000  0.120119  -1.000000  109.000000  0.434036  1.000000 
 -0.001518  1  3087.000000  0.047121  1.000000 
 -0.002245  2  3087.000000  0.047121  -1.000000  90.000000  0.437772  -1.000000 
 -0.005807  3  3087.000000  0.047121  -1.000000  90.000000  0.437772  1.000000  1.000000  0.001287  -1.000000 
 0.002477  3  3087.000000  0.047121  -1.000000  90.000000  0.437772  1.000000  1.000000  0.001287  1.000000 
 0.001809  2  2338.000000  0.107858  -1.000000  3240.000000  0.112205  -1.000000 
 -0.003519  2  2338.000000  0.107858  -1.000000  3240.000000  0.112205  1.000000 
 -0.002200  2  2338.000000  0.107858  1.000000  2662.000000  0.244862  -1.000000 
 0.002625  2  2338.000000  0.107858  1.000000  2662.000000  0.244862  1.000000 
 0.002022  2  1948.000000  0.037735  1.000000  82.000000  0.523751  -1.000000 
 -0.001553  2  1948.000000  0.037735  1.000000  82.000000  0.523751  1.000000 
 -0.002402  2  1948.000000  0.037735  -1.000000  1256.000000  0.151097  -1.000000 
 0.002951  2  1948.000000  0.037735  -1.000000  1256.000000  0.151097  1.000000 
 -0.001905  1  1007.000000  0.086994  1.000000 
 -0.002261  2  1007.000000  0.086994  -1.000000  2449.000000  0.123233  1.000000 
 0.002217  3  1007.000000  0.086994  -1.000000  2449.000000  0.123233  -1.000000  3597.000000  0.214738  -1.000000 
 -0.004760  3  1007.000000  0.086994  -1.000000  2449.000000  0.123233  -1.000000  3597.000000  0.214738  1.000000 
 0.002249  2  704.000000  0.060585  1.000000  2800.000000  0.109820  -1.000000 
 -0.001706  2  704.000000  0.060585  1.000000  2800.000000  0.109820  1.000000 
 0.002092  2  704.000000  0.060585  -1.000000  1225.000000  0.000005  -1.000000 
 -0.002019  2  704.000000  0.060585  -1.000000  1225.000000  0.000005  1.000000 
 0.001819  2  1505.000000  0.063768  1.000000  41.000000  -0.001071  -1.000000 
 -0.002081  2  1505.000000  0.063768  1.000000  41.000000  -0.001071  1.000000 
 -0.002649  2  1505.000000  0.063768  -1.000000  3645.000000  0.234209  -1.000000 
 0.002263  2  1505.000000  0.063768  -1.000000  3645.000000  0.234209  1.000000 
 0.001891  2  2402.000000  0.162141  1.000000  732.000000  0.223542  -1.000000 
 -0.002994  2  2402.000000  0.162141  1.000000  732.000000  0.223542  1.000000 
 0.001425  2  2402.000000  0.162141  -1.000000  698.000000  0.000001  -1.000000 
 -0.002239  2  2402.000000  0.162141  -1.000000  698.000000  0.000001  1.000000 
 -0.001933  1  193.000000  0.151373  1.000000 
 -0.001288  2  193.000000  0.151373  -1.000000  201.000000  0.181374  1.000000 
 -0.002205  3  193.000000  0.151373  -1.000000  201.000000  0.181374  -1.000000  3098.000000  0.013160  -1.000000 
 0.002549  3  193.000000  0.151373  -1.000000  201.000000  0.181374  -1.000000  3098.000000  0.013160  1.000000 
 0.002354  1  733.000000  0.144769  1.000000 
 0.001686  2  733.000000  0.144769  -1.000000  2465.000000  0.250292  1.000000 
 0.004065  3  733.000000  0.144769  -1.000000  2465.000000  0.250292  -1.000000  136.000000  0.001353  -1.000000 
 -0.001874  3  733.000000  0.144769  -1.000000  2465.000000  0.250292  -1.000000  136.000000  0.001353  1.000000 
 -0.002234  2  2932.000000  0.071271  1.000000  675.000000  0.255051  -1.000000 
 0.001730  2  2932.000000  0.071271  1.000000  675.000000  0.255051  1.000000 
 -0.001136  2  2932.000000  0.071271  -1.000000  1063.000000  0.026392  -1.000000 
 0.002129  2  2932.000000  0.071271  -1.000000  1063.000000  0.026392  1.000000 
 0.001488  1  1834.000000  0.040598  -1.000000 
 -0.001743  2  1834.000000  0.040598  1.000000  3782.000000  0.157865  -1.000000 
 -0.002797  3  1834.000000  0.040598  1.000000  3782.000000  0.157865  1.000000  2597.000000  0.043937  -1.000000 
 0.002684  3  1834.000000  0.040598  1.000000  3782.000000  0.157865  1.000000  2597.000000  0.043937  1.000000 
