 600
  0.047309  2  179.000000  694.503000  1.000000  122.000000  0.498165  -1.000000 
 -0.003851  2  179.000000  694.503000  1.000000  122.000000  0.498165  1.000000 
 -0.007209  2  179.000000  694.503000  -1.000000  680.000000  0.815452  -1.000000 
 0.043015  2  179.000000  694.503000  -1.000000  680.000000  0.815452  1.000000 
 -0.006387  1  1.000000  0.005033  -1.000000 
 -0.000850  2  1.000000  0.005033  1.000000  1901.000000  0.171613  1.000000 
 0.002774  3  1.000000  0.005033  1.000000  1901.000000  0.171613  -1.000000  1711.000000  0.137178  -1.000000 
 -0.000698  3  1.000000  0.005033  1.000000  1901.000000  0.171613  -1.000000  1711.000000  0.137178  1.000000 
 0.002186  2  157.000000  914.581000  1.000000  1859.000000  0.166456  -1.000000 
 -0.002080  2  157.000000  914.581000  1.000000  1859.000000  0.166456  1.000000 
 -0.002154  2  157.000000  914.581000  -1.000000  123.000000  0.487734  -1.000000 
 0.001040  2  157.000000  914.581000  -1.000000  123.000000  0.487734  1.000000 
 -0.002036  2  1734.000000  0.173982  1.000000  1724.000000  0.094803  -1.000000 
 0.001728  2  1734.000000  0.173982  1.000000  1724.000000  0.094803  1.000000 
 -0.001577  2  1734.000000  0.173982  -1.000000  600.000000  0.242088  -1.000000 
 0.001138  2  1734.000000  0.173982  -1.000000  600.000000  0.242088  1.000000 
 -0.001576  1  217.000000  2.851425  1.000000 
 -0.001392  2  217.000000  2.851425  -1.000000  2486.000000  0.056969  -1.000000 
 0.001526  3  217.000000  2.851425  -1.000000  2486.000000  0.056969  1.000000  1520.000000  0.183516  -1.000000 
 -0.001795  3  217.000000  2.851425  -1.000000  2486.000000  0.056969  1.000000  1520.000000  0.183516  1.000000 
 -0.001560  2  1316.000000  0.193717  -1.000000  1237.000000  0.267569  -1.000000 
 0.000972  2  1316.000000  0.193717  -1.000000  1237.000000  0.267569  1.000000 
 -0.002384  2  1316.000000  0.193717  1.000000  1334.000000  0.107227  -1.000000 
 0.001947  2  1316.000000  0.193717  1.000000  1334.000000  0.107227  1.000000 
 -0.001035  1  736.000000  0.106986  1.000000 
 0.001646  2  736.000000  0.106986  -1.000000  126.000000  0.200846  -1.000000 
 -0.001941  3  736.000000  0.106986  -1.000000  126.000000  0.200846  1.000000  200.000000  -0.169778  -1.000000 
 0.001509  3  736.000000  0.106986  -1.000000  126.000000  0.200846  1.000000  200.000000  -0.169778  1.000000 
 0.001373  2  3246.000000  0.154271  1.000000  1292.000000  0.175771  -1.000000 
 -0.001878  2  3246.000000  0.154271  1.000000  1292.000000  0.175771  1.000000 
 -0.001652  2  3246.000000  0.154271  -1.000000  4.000000  0.076883  -1.000000 
 0.000630  2  3246.000000  0.154271  -1.000000  4.000000  0.076883  1.000000 
 -0.001166  1  1702.000000  0.119252  1.000000 
 -0.001426  2  1702.000000  0.119252  -1.000000  2435.000000  0.150011  1.000000 
 0.001561  3  1702.000000  0.119252  -1.000000  2435.000000  0.150011  -1.000000  3642.000000  0.186226  -1.000000 
 -0.001941  3  1702.000000  0.119252  -1.000000  2435.000000  0.150011  -1.000000  3642.000000  0.186226  1.000000 
 -0.001676  2  674.000000  0.160287  -1.000000  43.000000  -0.000798  -1.000000 
 0.001019  2  674.000000  0.160287  -1.000000  43.000000  -0.000798  1.000000 
 -0.001335  2  674.000000  0.160287  1.000000  1145.000000  0.093456  -1.000000 
 0.001537  2  674.000000  0.160287  1.000000  1145.000000  0.093456  1.000000 
 0.001246  1  1620.000000  0.215890  1.000000 
 -0.001476  2  1620.000000  0.215890  -1.000000  758.000000  0.217600  -1.000000 
 0.001572  3  1620.000000  0.215890  -1.000000  758.000000  0.217600  1.000000  1927.000000  0.119731  -1.000000 
 -0.004086  3  1620.000000  0.215890  -1.000000  758.000000  0.217600  1.000000  1927.000000  0.119731  1.000000 
 0.001413  1  1000.000000  0.184803  1.000000 
 0.001314  2  1000.000000  0.184803  -1.000000  1149.000000  0.019652  -1.000000 
 -0.001669  3  1000.000000  0.184803  -1.000000  1149.000000  0.019652  1.000000  675.000000  0.268690  -1.000000 
 0.000713  3  1000.000000  0.184803  -1.000000  1149.000000  0.019652  1.000000  675.000000  0.268690  1.000000 
 -0.001076  1  3331.000000  0.127157  -1.000000 
 -0.001849  2  3331.000000  0.127157  1.000000  518.000000  0.193108  1.000000 
 0.001487  3  3331.000000  0.127157  1.000000  518.000000  0.193108  -1.000000  117.000000  0.085046  -1.000000 
 -0.003282  3  3331.000000  0.127157  1.000000  518.000000  0.193108  -1.000000  117.000000  0.085046  1.000000 
 -0.001023  1  1249.000000  0.090242  1.000000 
 0.001338  2  1249.000000  0.090242  -1.000000  4.000000  0.052210  1.000000 
 -0.003419  3  1249.000000  0.090242  -1.000000  4.000000  0.052210  -1.000000  1273.000000  0.478247  -1.000000 
 0.004479  3  1249.000000  0.090242  -1.000000  4.000000  0.052210  -1.000000  1273.000000  0.478247  1.000000 
 -0.001593  2  1664.000000  0.148912  -1.000000  1011.000000  0.325960  -1.000000 
 0.001610  2  1664.000000  0.148912  -1.000000  1011.000000  0.325960  1.000000 
 0.001107  2  1664.000000  0.148912  1.000000  971.000000  0.153569  -1.000000 
 -0.001666  2  1664.000000  0.148912  1.000000  971.000000  0.153569  1.000000 
 -0.001069  1  57.000000  0.003487  1.000000 
 0.001351  2  57.000000  0.003487  -1.000000  1053.000000  0.128433  -1.000000 
 -0.001720  3  57.000000  0.003487  -1.000000  1053.000000  0.128433  1.000000  1456.000000  0.234685  -1.000000 
 0.001706  3  57.000000  0.003487  -1.000000  1053.000000  0.128433  1.000000  1456.000000  0.234685  1.000000 
 0.001356  2  44.000000  -0.005439  -1.000000  3466.000000  0.166526  -1.000000 
 -0.001709  2  44.000000  -0.005439  -1.000000  3466.000000  0.166526  1.000000 
 -0.001335  2  44.000000  -0.005439  1.000000  95.000000  0.566229  -1.000000 
 0.001231  2  44.000000  -0.005439  1.000000  95.000000  0.566229  1.000000 
 -0.001357  2  814.000000  0.156508  -1.000000  515.000000  0.219562  -1.000000 
 0.001091  2  814.000000  0.156508  -1.000000  515.000000  0.219562  1.000000 
 -0.000848  2  814.000000  0.156508  1.000000  1065.000000  0.150701  -1.000000 
 0.001799  2  814.000000  0.156508  1.000000  1065.000000  0.150701  1.000000 
 -0.001650  2  625.000000  0.091248  1.000000  1672.000000  0.226436  -1.000000 
 0.000676  2  625.000000  0.091248  1.000000  1672.000000  0.226436  1.000000 
 -0.000786  2  625.000000  0.091248  -1.000000  3782.000000  0.100293  -1.000000 
 0.001514  2  625.000000  0.091248  -1.000000  3782.000000  0.100293  1.000000 
 -0.001184  2  2459.000000  0.158560  -1.000000  891.000000  0.222217  -1.000000 
 0.000960  2  2459.000000  0.158560  -1.000000  891.000000  0.222217  1.000000 
 -0.000953  2  2459.000000  0.158560  1.000000  666.000000  0.143332  -1.000000 
 0.001886  2  2459.000000  0.158560  1.000000  666.000000  0.143332  1.000000 
 -0.001055  1  981.000000  0.127081  1.000000 
 -0.001709  2  981.000000  0.127081  -1.000000  190.000000  -0.413248  -1.000000 
 0.001392  3  981.000000  0.127081  -1.000000  190.000000  -0.413248  1.000000  1247.000000  0.162348  -1.000000 
 -0.001972  3  981.000000  0.127081  -1.000000  190.000000  -0.413248  1.000000  1247.000000  0.162348  1.000000 
 -0.001003  1  3822.000000  -0.003530  1.000000 
 -0.001424  2  3822.000000  -0.003530  -1.000000  201.000000  0.308918  1.000000 
 0.001588  3  3822.000000  -0.003530  -1.000000  201.000000  0.308918  -1.000000  3268.000000  0.197573  -1.000000 
 -0.001912  3  3822.000000  -0.003530  -1.000000  201.000000  0.308918  -1.000000  3268.000000  0.197573  1.000000 
 0.001251  2  889.000000  0.130527  -1.000000  2929.000000  0.001815  -1.000000 
 -0.001598  2  889.000000  0.130527  -1.000000  2929.000000  0.001815  1.000000 
 -0.001373  2  889.000000  0.130527  1.000000  2740.000000  0.085989  -1.000000 
 0.001267  2  889.000000  0.130527  1.000000  2740.000000  0.085989  1.000000 
 -0.001456  2  1489.000000  0.195407  -1.000000  730.000000  0.219598  -1.000000 
 0.000721  2  1489.000000  0.195407  -1.000000  730.000000  0.219598  1.000000 
 0.001500  2  1489.000000  0.195407  1.000000  398.000000  0.158081  -1.000000 
 -0.001109  2  1489.000000  0.195407  1.000000  398.000000  0.158081  1.000000 
 -0.001123  2  3552.000000  0.156732  -1.000000  2419.000000  0.239007  -1.000000 
 0.001215  2  3552.000000  0.156732  -1.000000  2419.000000  0.239007  1.000000 
 0.001814  2  3552.000000  0.156732  1.000000  1493.000000  0.138240  -1.000000 
 -0.001739  2  3552.000000  0.156732  1.000000  1493.000000  0.138240  1.000000 
 0.001103  2  1580.000000  0.096971  -1.000000  345.000000  0.136548  -1.000000 
 -0.000978  2  1580.000000  0.096971  -1.000000  345.000000  0.136548  1.000000 
 -0.001875  2  1580.000000  0.096971  1.000000  1307.000000  0.243434  -1.000000 
 0.001069  2  1580.000000  0.096971  1.000000  1307.000000  0.243434  1.000000 
 -0.001262  1  2858.000000  0.095884  -1.000000 
 -0.000939  2  2858.000000  0.095884  1.000000  3357.000000  0.129757  -1.000000 
 0.001559  3  2858.000000  0.095884  1.000000  3357.000000  0.129757  1.000000  1322.000000  0.174982  -1.000000 
 -0.002052  3  2858.000000  0.095884  1.000000  3357.000000  0.129757  1.000000  1322.000000  0.174982  1.000000 
 0.001147  1  127.000000  0.013392  -1.000000 
 0.001173  2  127.000000  0.013392  1.000000  506.000000  0.202811  1.000000 
 -0.001359  3  127.000000  0.013392  1.000000  506.000000  0.202811  -1.000000  1923.000000  0.303546  -1.000000 
 0.001478  3  127.000000  0.013392  1.000000  506.000000  0.202811  -1.000000  1923.000000  0.303546  1.000000 
 -0.002178  2  2763.000000  0.136400  1.000000  2774.000000  0.086265  -1.000000 
 0.001183  2  2763.000000  0.136400  1.000000  2774.000000  0.086265  1.000000 
 0.001210  2  2763.000000  0.136400  -1.000000  946.000000  0.000000  -1.000000 
 -0.001238  2  2763.000000  0.136400  -1.000000  946.000000  0.000000  1.000000 
 -0.001060  2  157.000000  1124.935000  -1.000000  1862.000000  0.280953  -1.000000 
 0.002232  2  157.000000  1124.935000  -1.000000  1862.000000  0.280953  1.000000 
 0.001326  2  157.000000  1124.935000  1.000000  16.000000  0.005677  -1.000000 
 -0.004945  2  157.000000  1124.935000  1.000000  16.000000  0.005677  1.000000 
 -0.000910  2  842.000000  0.147908  -1.000000  1706.000000  0.350358  -1.000000 
 0.002179  2  842.000000  0.147908  -1.000000  1706.000000  0.350358  1.000000 
 -0.001675  2  842.000000  0.147908  1.000000  2163.000000  0.077999  -1.000000 
 0.001501  2  842.000000  0.147908  1.000000  2163.000000  0.077999  1.000000 
 -0.001111  1  445.000000  0.111634  1.000000 
 -0.002002  2  445.000000  0.111634  -1.000000  3677.000000  0.203048  1.000000 
 0.001265  3  445.000000  0.111634  -1.000000  3677.000000  0.203048  -1.000000  2365.000000  0.242345  -1.000000 
 -0.004172  3  445.000000  0.111634  -1.000000  3677.000000  0.203048  -1.000000  2365.000000  0.242345  1.000000 
 -0.001109  2  1020.000000  0.155859  -1.000000  3028.000000  0.293319  -1.000000 
 0.002026  2  1020.000000  0.155859  -1.000000  3028.000000  0.293319  1.000000 
 0.001324  2  1020.000000  0.155859  1.000000  3258.000000  0.136130  -1.000000 
 -0.001095  2  1020.000000  0.155859  1.000000  3258.000000  0.136130  1.000000 
 -0.004227  2  1067.000000  0.130778  1.000000  1082.000000  0.094674  -1.000000 
 0.001113  2  1067.000000  0.130778  1.000000  1082.000000  0.094674  1.000000 
 -0.001454  2  1067.000000  0.130778  -1.000000  200.000000  -0.178332  -1.000000 
 0.000943  2  1067.000000  0.130778  -1.000000  200.000000  -0.178332  1.000000 
 -0.001370  2  980.000000  0.079298  1.000000  3209.000000  0.206476  -1.000000 
 0.000930  2  980.000000  0.079298  1.000000  3209.000000  0.206476  1.000000 
 -0.002888  2  980.000000  0.079298  -1.000000  4.000000  0.041416  -1.000000 
 0.001257  2  980.000000  0.079298  -1.000000  4.000000  0.041416  1.000000 
 -0.001306  2  2104.000000  0.165358  -1.000000  1506.000000  0.197139  -1.000000 
 0.000910  2  2104.000000  0.165358  -1.000000  1506.000000  0.197139  1.000000 
 0.001618  2  2104.000000  0.165358  1.000000  1062.000000  0.165418  -1.000000 
 -0.001795  2  2104.000000  0.165358  1.000000  1062.000000  0.165418  1.000000 
 0.000676  2  1969.000000  0.157009  -1.000000  153.000000  1.479550  -1.000000 
 -0.001501  2  1969.000000  0.157009  -1.000000  153.000000  1.479550  1.000000 
 -0.003341  2  1969.000000  0.157009  1.000000  3479.000000  0.049281  -1.000000 
 0.001485  2  1969.000000  0.157009  1.000000  3479.000000  0.049281  1.000000 
 -0.001127  1  1059.000000  0.127651  1.000000 
 -0.002949  2  1059.000000  0.127651  -1.000000  3430.000000  0.214827  1.000000 
 0.001256  3  1059.000000  0.127651  -1.000000  3430.000000  0.214827  -1.000000  1869.000000  0.193742  -1.000000 
 -0.001501  3  1059.000000  0.127651  -1.000000  3430.000000  0.214827  -1.000000  1869.000000  0.193742  1.000000 
 -0.001248  2  1471.000000  0.202619  -1.000000  2531.000000  0.205570  -1.000000 
 0.000945  2  1471.000000  0.202619  -1.000000  2531.000000  0.205570  1.000000 
 -0.002935  2  1471.000000  0.202619  1.000000  99.000000  0.432863  -1.000000 
 0.001615  2  1471.000000  0.202619  1.000000  99.000000  0.432863  1.000000 
 0.001474  2  2305.000000  0.139410  1.000000  613.000000  0.145300  -1.000000 
 -0.001256  2  2305.000000  0.139410  1.000000  613.000000  0.145300  1.000000 
 -0.001113  2  2305.000000  0.139410  -1.000000  1187.000000  0.215768  -1.000000 
 0.001279  2  2305.000000  0.139410  -1.000000  1187.000000  0.215768  1.000000 
 -0.000870  1  325.000000  0.111874  1.000000 
 -0.002085  2  325.000000  0.111874  -1.000000  1239.000000  0.206621  1.000000 
 -0.001146  3  325.000000  0.111874  -1.000000  1239.000000  0.206621  -1.000000  3528.000000  0.048407  -1.000000 
 0.001591  3  325.000000  0.111874  -1.000000  1239.000000  0.206621  -1.000000  3528.000000  0.048407  1.000000 
 -0.001003  2  1963.000000  0.105139  -1.000000  525.000000  0.064394  -1.000000 
 0.001224  2  1963.000000  0.105139  -1.000000  525.000000  0.064394  1.000000 
 -0.002342  2  1963.000000  0.105139  1.000000  674.000000  0.220706  -1.000000 
 0.000860  2  1963.000000  0.105139  1.000000  674.000000  0.220706  1.000000 
 -0.001673  2  1656.000000  0.158845  1.000000  3376.000000  0.083780  -1.000000 
 0.001486  2  1656.000000  0.158845  1.000000  3376.000000  0.083780  1.000000 
 0.000667  2  1656.000000  0.158845  -1.000000  548.000000  0.063992  -1.000000 
 -0.001659  2  1656.000000  0.158845  -1.000000  548.000000  0.063992  1.000000 
 0.000735  2  2755.000000  0.173532  -1.000000  2731.000000  0.055876  -1.000000 
 -0.001219  2  2755.000000  0.173532  -1.000000  2731.000000  0.055876  1.000000 
 -0.001061  2  2755.000000  0.173532  1.000000  420.000000  0.096243  -1.000000 
 0.001856  2  2755.000000  0.173532  1.000000  420.000000  0.096243  1.000000 
 -0.001534  2  1834.000000  0.082715  1.000000  2373.000000  0.170911  -1.000000 
 0.000576  2  1834.000000  0.082715  1.000000  2373.000000  0.170911  1.000000 
 -0.001520  2  1834.000000  0.082715  -1.000000  519.000000  0.060914  -1.000000 
 0.001312  2  1834.000000  0.082715  -1.000000  519.000000  0.060914  1.000000 
 -0.001734  2  3670.000000  0.145603  1.000000  3157.000000  0.073531  -1.000000 
 0.001171  2  3670.000000  0.145603  1.000000  3157.000000  0.073531  1.000000 
 -0.001451  2  3670.000000  0.145603  -1.000000  2318.000000  0.223928  -1.000000 
 0.000751  2  3670.000000  0.145603  -1.000000  2318.000000  0.223928  1.000000 
 -0.001424  2  436.000000  0.076749  1.000000  868.000000  0.200309  -1.000000 
 0.000963  2  436.000000  0.076749  1.000000  868.000000  0.200309  1.000000 
 0.001310  2  436.000000  0.076749  -1.000000  126.000000  0.441203  -1.000000 
 -0.002400  2  436.000000  0.076749  -1.000000  126.000000  0.441203  1.000000 
 0.001195  2  1147.000000  0.119763  1.000000  3642.000000  0.171401  -1.000000 
 -0.001264  2  1147.000000  0.119763  1.000000  3642.000000  0.171401  1.000000 
 -0.001547  2  1147.000000  0.119763  -1.000000  187.000000  0.339994  -1.000000 
 0.000926  2  1147.000000  0.119763  -1.000000  187.000000  0.339994  1.000000 
 -0.000782  2  1660.000000  0.104938  -1.000000  160.000000  50.923750  -1.000000 
 0.001250  2  1660.000000  0.104938  -1.000000  160.000000  50.923750  1.000000 
 -0.001477  2  1660.000000  0.104938  1.000000  1967.000000  0.241886  -1.000000 
 0.001403  2  1660.000000  0.104938  1.000000  1967.000000  0.241886  1.000000 
 -0.001079  2  693.000000  0.180138  -1.000000  2802.000000  0.207704  -1.000000 
 0.000811  2  693.000000  0.180138  -1.000000  2802.000000  0.207704  1.000000 
 0.001499  2  693.000000  0.180138  1.000000  2156.000000  0.207230  -1.000000 
 -0.003604  2  693.000000  0.180138  1.000000  2156.000000  0.207230  1.000000 
 0.001153  2  1059.000000  0.084499  -1.000000  45.000000  0.020357  -1.000000 
 -0.002262  2  1059.000000  0.084499  -1.000000  45.000000  0.020357  1.000000 
 -0.001436  2  1059.000000  0.084499  1.000000  890.000000  0.189824  -1.000000 
 0.000816  2  1059.000000  0.084499  1.000000  890.000000  0.189824  1.000000 
 0.001236  2  2318.000000  0.161032  1.000000  1345.000000  0.168647  -1.000000 
 -0.002435  2  2318.000000  0.161032  1.000000  1345.000000  0.168647  1.000000 
 -0.001269  2  2318.000000  0.161032  -1.000000  1264.000000  0.266223  -1.000000 
 0.001025  2  2318.000000  0.161032  -1.000000  1264.000000  0.266223  1.000000 
 -0.001092  2  1951.000000  0.143628  -1.000000  1603.000000  0.200655  -1.000000 
 0.000966  2  1951.000000  0.143628  -1.000000  1603.000000  0.200655  1.000000 
 0.001251  2  1951.000000  0.143628  1.000000  2815.000000  0.202472  -1.000000 
 -0.002735  2  1951.000000  0.143628  1.000000  2815.000000  0.202472  1.000000 
 -0.003599  2  2449.000000  0.093691  -1.000000  1.000000  0.005250  -1.000000 
 0.001174  2  2449.000000  0.093691  -1.000000  1.000000  0.005250  1.000000 
 -0.001272  2  2449.000000  0.093691  1.000000  646.000000  0.222725  -1.000000 
 0.000903  2  2449.000000  0.093691  1.000000  646.000000  0.222725  1.000000 
 -0.001150  1  490.000000  0.071884  -1.000000 
 -0.002665  2  490.000000  0.071884  1.000000  1018.000000  0.071319  -1.000000 
 0.001290  3  490.000000  0.071884  1.000000  1018.000000  0.071319  1.000000  1512.000000  0.172743  -1.000000 
 -0.001526  3  490.000000  0.071884  1.000000  1018.000000  0.071319  1.000000  1512.000000  0.172743  1.000000 
 -0.000992  1  1929.000000  0.098494  1.000000 
 -0.001937  2  1929.000000  0.098494  -1.000000  132.000000  0.015843  1.000000 
 0.001305  3  1929.000000  0.098494  -1.000000  132.000000  0.015843  -1.000000  1008.000000  0.158463  -1.000000 
 -0.001261  3  1929.000000  0.098494  -1.000000  132.000000  0.015843  -1.000000  1008.000000  0.158463  1.000000 
 0.000663  2  3053.000000  0.185818  -1.000000  2919.000000  0.060419  -1.000000 
 -0.001128  2  3053.000000  0.185818  -1.000000  2919.000000  0.060419  1.000000 
 0.001640  2  3053.000000  0.185818  1.000000  304.000000  0.215848  -1.000000 
 -0.002893  2  3053.000000  0.185818  1.000000  304.000000  0.215848  1.000000 
 -0.001150  2  1181.000000  0.165132  -1.000000  3349.000000  0.210346  -1.000000 
 0.000942  2  1181.000000  0.165132  -1.000000  3349.000000  0.210346  1.000000 
 0.001337  2  1181.000000  0.165132  1.000000  60.000000  0.026251  -1.000000 
 -0.003140  2  1181.000000  0.165132  1.000000  60.000000  0.026251  1.000000 
 -0.001165  2  3619.000000  0.145209  -1.000000  161.000000  -1.228660  -1.000000 
 0.001159  2  3619.000000  0.145209  -1.000000  161.000000  -1.228660  1.000000 
 0.001204  2  3619.000000  0.145209  1.000000  3344.000000  0.196987  -1.000000 
 -0.002404  2  3619.000000  0.145209  1.000000  3344.000000  0.196987  1.000000 
 -0.000674  2  1683.000000  0.102287  -1.000000  2740.000000  0.090907  -1.000000 
 0.001328  2  1683.000000  0.102287  -1.000000  2740.000000  0.090907  1.000000 
 -0.001606  2  1683.000000  0.102287  1.000000  2409.000000  0.220351  -1.000000 
 0.000989  2  1683.000000  0.102287  1.000000  2409.000000  0.220351  1.000000 
 -0.001478  2  706.000000  0.080030  1.000000  3220.000000  0.224710  -1.000000 
 0.001087  2  706.000000  0.080030  1.000000  3220.000000  0.224710  1.000000 
 0.001033  2  706.000000  0.080030  -1.000000  265.000000  0.381576  -1.000000 
 -0.003076  2  706.000000  0.080030  -1.000000  265.000000  0.381576  1.000000 
 -0.000902  2  4.000000  0.065199  1.000000  2233.000000  0.094699  -1.000000 
 0.001281  2  4.000000  0.065199  1.000000  2233.000000  0.094699  1.000000 
 0.000971  2  4.000000  0.065199  -1.000000  2041.000000  0.033036  -1.000000 
 -0.001660  2  4.000000  0.065199  -1.000000  2041.000000  0.033036  1.000000 
 -0.001165  2  68.000000  -0.011727  -1.000000  3100.000000  0.081076  -1.000000 
 0.001739  2  68.000000  -0.011727  -1.000000  3100.000000  0.081076  1.000000 
 -0.001271  2  68.000000  -0.011727  1.000000  1334.000000  0.315692  -1.000000 
 0.001215  2  68.000000  -0.011727  1.000000  1334.000000  0.315692  1.000000 
 -0.001363  1  1269.000000  0.141486  1.000000 
 -0.001274  2  1269.000000  0.141486  -1.000000  3117.000000  0.176827  1.000000 
 0.001298  3  1269.000000  0.141486  -1.000000  3117.000000  0.176827  -1.000000  1059.000000  0.193583  -1.000000 
 -0.003278  3  1269.000000  0.141486  -1.000000  3117.000000  0.176827  -1.000000  1059.000000  0.193583  1.000000 
 0.001286  2  2630.000000  0.131236  1.000000  1520.000000  0.166405  -1.000000 
 -0.001729  2  2630.000000  0.131236  1.000000  1520.000000  0.166405  1.000000 
 -0.001317  2  2630.000000  0.131236  -1.000000  758.000000  0.290965  -1.000000 
 0.000908  2  2630.000000  0.131236  -1.000000  758.000000  0.290965  1.000000 
 -0.001162  2  2883.000000  0.160594  -1.000000  503.000000  0.171403  -1.000000 
 0.000705  2  2883.000000  0.160594  -1.000000  503.000000  0.171403  1.000000 
 -0.002833  2  2883.000000  0.160594  1.000000  1027.000000  0.056245  -1.000000 
 0.001387  2  2883.000000  0.160594  1.000000  1027.000000  0.056245  1.000000 
 -0.001444  2  800.000000  0.090548  1.000000  984.000000  0.265637  -1.000000 
 0.001185  2  800.000000  0.090548  1.000000  984.000000  0.265637  1.000000 
 0.001090  2  800.000000  0.090548  -1.000000  1113.000000  0.227480  -1.000000 
 -0.003178  2  800.000000  0.090548  -1.000000  1113.000000  0.227480  1.000000 
 -0.001612  2  1620.000000  0.187591  1.000000  3084.000000  0.053057  -1.000000 
 0.001476  2  1620.000000  0.187591  1.000000  3084.000000  0.053057  1.000000 
 0.000695  2  1620.000000  0.187591  -1.000000  290.000000  0.049035  -1.000000 
 -0.001343  2  1620.000000  0.187591  -1.000000  290.000000  0.049035  1.000000 
 -0.001230  2  600.000000  0.187051  -1.000000  1707.000000  0.260601  -1.000000 
 0.000970  2  600.000000  0.187051  -1.000000  1707.000000  0.260601  1.000000 
 -0.001672  2  600.000000  0.187051  1.000000  383.000000  0.077362  -1.000000 
 0.001657  2  600.000000  0.187051  1.000000  383.000000  0.077362  1.000000 
 -0.001461  2  1494.000000  0.073059  1.000000  1056.000000  0.268788  -1.000000 
 0.001174  2  1494.000000  0.073059  1.000000  1056.000000  0.268788  1.000000 
 -0.002087  2  1494.000000  0.073059  -1.000000  1.000000  0.006341  -1.000000 
 0.001176  2  1494.000000  0.073059  -1.000000  1.000000  0.006341  1.000000 
 0.001616  2  44.000000  -0.005439  -1.000000  100.000000  0.469496  -1.000000 
 -0.001243  2  44.000000  -0.005439  -1.000000  100.000000  0.469496  1.000000 
 -0.001834  2  44.000000  -0.005439  1.000000  40.000000  -0.000589  -1.000000 
 0.000826  2  44.000000  -0.005439  1.000000  40.000000  -0.000589  1.000000 
 0.001343  1  675.000000  0.247619  1.000000 
 0.001864  2  675.000000  0.247619  -1.000000  814.000000  0.274678  1.000000 
 -0.001331  3  675.000000  0.247619  -1.000000  814.000000  0.274678  -1.000000  3734.000000  0.278865  -1.000000 
 0.002305  3  675.000000  0.247619  -1.000000  814.000000  0.274678  -1.000000  3734.000000  0.278865  1.000000 
 -0.000966  2  1656.000000  0.155607  1.000000  1664.000000  0.132752  -1.000000 
 0.001315  2  1656.000000  0.155607  1.000000  1664.000000  0.132752  1.000000 
 0.000814  2  1656.000000  0.155607  -1.000000  1872.000000  0.000000  -1.000000 
 -0.001414  2  1656.000000  0.155607  -1.000000  1872.000000  0.000000  1.000000 
 -0.000996  2  298.000000  0.068099  1.000000  574.000000  0.259039  -1.000000 
 0.001679  2  298.000000  0.068099  1.000000  574.000000  0.259039  1.000000 
 0.001802  2  298.000000  0.068099  -1.000000  1241.000000  0.093430  -1.000000 
 -0.001597  2  298.000000  0.068099  -1.000000  1241.000000  0.093430  1.000000 
 -0.001183  2  2558.000000  0.123348  1.000000  1331.000000  0.083401  -1.000000 
 0.001469  2  2558.000000  0.123348  1.000000  1331.000000  0.083401  1.000000 
 -0.001411  2  2558.000000  0.123348  -1.000000  2122.000000  0.229386  -1.000000 
 0.001523  2  2558.000000  0.123348  -1.000000  2122.000000  0.229386  1.000000 
 -0.001037  1  972.000000  0.114577  1.000000 
 -0.002455  2  972.000000  0.114577  -1.000000  193.000000  -0.645722  -1.000000 
 0.001301  3  972.000000  0.114577  -1.000000  193.000000  -0.645722  1.000000  3642.000000  0.190473  -1.000000 
 -0.001808  3  972.000000  0.114577  -1.000000  193.000000  -0.645722  1.000000  3642.000000  0.190473  1.000000 
 0.001253  2  2946.000000  0.137489  1.000000  3390.000000  0.164121  -1.000000 
 -0.002025  2  2946.000000  0.137489  1.000000  3390.000000  0.164121  1.000000 
 -0.001492  2  2946.000000  0.137489  -1.000000  3455.000000  0.210033  -1.000000 
 0.001257  2  2946.000000  0.137489  -1.000000  3455.000000  0.210033  1.000000 
 0.001066  1  2589.000000  0.165641  1.000000 
 0.001646  2  2589.000000  0.165641  -1.000000  1768.000000  0.233842  1.000000 
 -0.001282  3  2589.000000  0.165641  -1.000000  1768.000000  0.233842  -1.000000  515.000000  0.274507  -1.000000 
 0.001421  3  2589.000000  0.165641  -1.000000  1768.000000  0.233842  -1.000000  515.000000  0.274507  1.000000 
 0.001250  2  1935.000000  0.083109  -1.000000  2260.000000  0.167690  -1.000000 
 -0.001739  2  1935.000000  0.083109  -1.000000  2260.000000  0.167690  1.000000 
 -0.001271  2  1935.000000  0.083109  1.000000  553.000000  0.255873  -1.000000 
 0.000925  2  1935.000000  0.083109  1.000000  553.000000  0.255873  1.000000 
 -0.001126  1  1715.000000  0.083045  -1.000000 
 -0.000956  2  1715.000000  0.083045  1.000000  1114.000000  0.146249  1.000000 
 -0.007435  3  1715.000000  0.083045  1.000000  1114.000000  0.146249  -1.000000  36.000000  -0.013761  -1.000000 
 0.001691  3  1715.000000  0.083045  1.000000  1114.000000  0.146249  -1.000000  36.000000  -0.013761  1.000000 
 0.000904  2  1181.000000  0.184502  -1.000000  1945.000000  0.007107  -1.000000 
 -0.000985  2  1181.000000  0.184502  -1.000000  1945.000000  0.007107  1.000000 
 0.001451  2  1181.000000  0.184502  1.000000  2165.000000  0.235443  -1.000000 
 -0.006508  2  1181.000000  0.184502  1.000000  2165.000000  0.235443  1.000000 
 0.001163  1  3661.000000  0.168569  1.000000 
 -0.001068  2  3661.000000  0.168569  -1.000000  2673.000000  0.179303  -1.000000 
 0.001631  3  3661.000000  0.168569  -1.000000  2673.000000  0.179303  1.000000  2091.000000  0.137368  -1.000000 
 -0.002075  3  3661.000000  0.168569  -1.000000  2673.000000  0.179303  1.000000  2091.000000  0.137368  1.000000 
 -0.001037  2  844.000000  0.101728  -1.000000  114.000000  0.455876  -1.000000 
 0.001185  2  844.000000  0.101728  -1.000000  114.000000  0.455876  1.000000 
 -0.001178  2  844.000000  0.101728  1.000000  243.000000  209.833500  -1.000000 
 0.002229  2  844.000000  0.101728  1.000000  243.000000  209.833500  1.000000 
 -0.000853  2  1396.000000  0.106263  1.000000  3053.000000  0.124991  -1.000000 
 0.001247  2  1396.000000  0.106263  1.000000  3053.000000  0.124991  1.000000 
 -0.001392  2  1396.000000  0.106263  -1.000000  739.000000  0.172457  -1.000000 
 0.001294  2  1396.000000  0.106263  -1.000000  739.000000  0.172457  1.000000 
 -0.000937  1  1476.000000  0.100199  1.000000 
 -0.001078  2  1476.000000  0.100199  -1.000000  2845.000000  0.169253  1.000000 
 0.001448  3  1476.000000  0.100199  -1.000000  2845.000000  0.169253  -1.000000  1231.000000  0.152932  -1.000000 
 -0.002341  3  1476.000000  0.100199  -1.000000  2845.000000  0.169253  -1.000000  1231.000000  0.152932  1.000000 
 -0.001654  2  2720.000000  0.124037  1.000000  1775.000000  0.056467  -1.000000 
 0.001188  2  2720.000000  0.124037  1.000000  1775.000000  0.056467  1.000000 
 -0.001044  2  2720.000000  0.124037  -1.000000  2345.000000  0.300836  -1.000000 
 0.001499  2  2720.000000  0.124037  -1.000000  2345.000000  0.300836  1.000000 
 -0.001990  2  332.000000  0.136406  -1.000000  5.000000  19.910500  -1.000000 
 0.001027  2  332.000000  0.136406  -1.000000  5.000000  19.910500  1.000000 
 -0.001536  2  332.000000  0.136406  1.000000  1046.000000  0.208467  -1.000000 
 0.001131  2  332.000000  0.136406  1.000000  1046.000000  0.208467  1.000000 
 -0.001398  2  147.000000  3.300605  -1.000000  193.000000  -0.307071  -1.000000 
 0.001065  2  147.000000  3.300605  -1.000000  193.000000  -0.307071  1.000000 
 -0.001637  2  147.000000  3.300605  1.000000  1584.000000  0.323841  -1.000000 
 0.003102  2  147.000000  3.300605  1.000000  1584.000000  0.323841  1.000000 
 -0.001547  2  1720.000000  0.084093  1.000000  3462.000000  0.205520  -1.000000 
 0.001001  2  1720.000000  0.084093  1.000000  3462.000000  0.205520  1.000000 
 -0.001173  2  1720.000000  0.084093  -1.000000  3825.000000  -0.003875  -1.000000 
 0.001323  2  1720.000000  0.084093  -1.000000  3825.000000  -0.003875  1.000000 
 -0.001392  2  513.000000  0.107866  1.000000  2782.000000  0.086374  -1.000000 
 0.000983  2  513.000000  0.107866  1.000000  2782.000000  0.086374  1.000000 
 -0.002133  2  513.000000  0.107866  -1.000000  3094.000000  0.173656  -1.000000 
 0.001207  2  513.000000  0.107866  -1.000000  3094.000000  0.173656  1.000000 
 -0.001128  1  2174.000000  0.144589  1.000000 
 -0.001714  2  2174.000000  0.144589  -1.000000  1503.000000  0.181865  1.000000 
 0.001361  3  2174.000000  0.144589  -1.000000  1503.000000  0.181865  -1.000000  1572.000000  0.137721  -1.000000 
 -0.000924  3  2174.000000  0.144589  -1.000000  1503.000000  0.181865  -1.000000  1572.000000  0.137721  1.000000 
 -0.001299  2  3417.000000  0.145968  -1.000000  2701.000000  0.161695  -1.000000 
 0.000816  2  3417.000000  0.145968  -1.000000  2701.000000  0.161695  1.000000 
 -0.000789  2  3417.000000  0.145968  1.000000  1724.000000  0.141037  -1.000000 
 0.001717  2  3417.000000  0.145968  1.000000  1724.000000  0.141037  1.000000 
 0.001082  2  1236.000000  0.238571  -1.000000  2728.000000  0.008898  -1.000000 
 -0.000974  2  1236.000000  0.238571  -1.000000  2728.000000  0.008898  1.000000 
 -0.002674  2  1236.000000  0.238571  1.000000  3479.000000  0.036034  -1.000000 
 0.001483  2  1236.000000  0.238571  1.000000  3479.000000  0.036034  1.000000 
 -0.001072  1  2549.000000  0.086150  -1.000000 
 -0.001402  2  2549.000000  0.086150  1.000000  1721.000000  0.184974  1.000000 
 -0.002531  3  2549.000000  0.086150  1.000000  1721.000000  0.184974  -1.000000  2645.000000  0.064629  -1.000000 
 0.001401  3  2549.000000  0.086150  1.000000  1721.000000  0.184974  -1.000000  2645.000000  0.064629  1.000000 
 0.001173  2  445.000000  0.097576  -1.000000  258.000000  0.000024  -1.000000 
 -0.001543  2  445.000000  0.097576  -1.000000  258.000000  0.000024  1.000000 
 -0.001551  2  445.000000  0.097576  1.000000  2692.000000  0.212840  -1.000000 
 0.001041  2  445.000000  0.097576  1.000000  2692.000000  0.212840  1.000000 
 0.001115  2  1516.000000  0.172208  -1.000000  236.000000  -0.174345  -1.000000 
 -0.001075  2  1516.000000  0.172208  -1.000000  236.000000  -0.174345  1.000000 
 0.001323  2  1516.000000  0.172208  1.000000  1858.000000  0.146995  -1.000000 
 -0.001993  2  1516.000000  0.172208  1.000000  1858.000000  0.146995  1.000000 
 -0.000985  1  622.000000  0.131022  1.000000 
 -0.001273  2  622.000000  0.131022  -1.000000  1848.000000  0.154736  1.000000 
 -0.004701  3  622.000000  0.131022  -1.000000  1848.000000  0.154736  -1.000000  118.000000  0.017655  -1.000000 
 0.001306  3  622.000000  0.131022  -1.000000  1848.000000  0.154736  -1.000000  118.000000  0.017655  1.000000 
 -0.001386  2  3071.000000  0.170310  -1.000000  3028.000000  0.203963  -1.000000 
 0.001033  2  3071.000000  0.170310  -1.000000  3028.000000  0.203963  1.000000 
 -0.000738  2  3071.000000  0.170310  1.000000  3019.000000  0.133072  -1.000000 
 0.001778  2  3071.000000  0.170310  1.000000  3019.000000  0.133072  1.000000 
 -0.001016  1  752.000000  0.101097  1.000000 
 -0.002360  2  752.000000  0.101097  -1.000000  48.000000  0.047908  1.000000 
 0.001606  3  752.000000  0.101097  -1.000000  48.000000  0.047908  -1.000000  1177.000000  0.183391  -1.000000 
 -0.001643  3  752.000000  0.101097  -1.000000  48.000000  0.047908  -1.000000  1177.000000  0.183391  1.000000 
 -0.001358  2  2069.000000  0.119462  -1.000000  3782.000000  0.191712  -1.000000 
 0.001340  2  2069.000000  0.119462  -1.000000  3782.000000  0.191712  1.000000 
 0.001065  2  2069.000000  0.119462  1.000000  3258.000000  0.151792  -1.000000 
 -0.002034  2  2069.000000  0.119462  1.000000  3258.000000  0.151792  1.000000 
 0.000984  2  3788.000000  0.112345  1.000000  2936.000000  0.213511  -1.000000 
 -0.002092  2  3788.000000  0.112345  1.000000  2936.000000  0.213511  1.000000 
 0.000864  2  3788.000000  0.112345  -1.000000  65.000000  -0.021669  -1.000000 
 -0.001685  2  3788.000000  0.112345  -1.000000  65.000000  -0.021669  1.000000 
 -0.000869  1  1918.000000  0.118292  1.000000 
 -0.001538  2  1918.000000  0.118292  -1.000000  682.000000  0.183383  1.000000 
 0.001329  3  1918.000000  0.118292  -1.000000  682.000000  0.183383  -1.000000  3671.000000  0.268552  -1.000000 
 -0.003693  3  1918.000000  0.118292  -1.000000  682.000000  0.183383  -1.000000  3671.000000  0.268552  1.000000 
 0.001819  2  1951.000000  0.143406  1.000000  1843.000000  0.134827  -1.000000 
 -0.000862  2  1951.000000  0.143406  1.000000  1843.000000  0.134827  1.000000 
 -0.001496  2  1951.000000  0.143406  -1.000000  573.000000  0.203145  -1.000000 
 0.000539  2  1951.000000  0.143406  -1.000000  573.000000  0.203145  1.000000 
 -0.001015  1  2974.000000  0.086839  -1.000000 
 -0.001572  2  2974.000000  0.086839  1.000000  1248.000000  0.155064  1.000000 
 0.001462  3  2974.000000  0.086839  1.000000  1248.000000  0.155064  -1.000000  1711.000000  0.137130  -1.000000 
 -0.001318  3  2974.000000  0.086839  1.000000  1248.000000  0.155064  -1.000000  1711.000000  0.137130  1.000000 
 -0.000929  1  1267.000000  0.084990  1.000000 
 -0.001644  2  1267.000000  0.084990  -1.000000  4.000000  0.051427  -1.000000 
 0.001501  3  1267.000000  0.084990  -1.000000  4.000000  0.051427  1.000000  2346.000000  0.243499  -1.000000 
 -0.002878  3  1267.000000  0.084990  -1.000000  4.000000  0.051427  1.000000  2346.000000  0.243499  1.000000 
 -0.001696  2  1333.000000  0.155770  -1.000000  468.000000  0.228303  -1.000000 
 0.001191  2  1333.000000  0.155770  -1.000000  468.000000  0.228303  1.000000 
 0.001173  2  1333.000000  0.155770  1.000000  3783.000000  0.181932  -1.000000 
 -0.001366  2  1333.000000  0.155770  1.000000  3783.000000  0.181932  1.000000 
 0.001234  2  3017.000000  0.137887  1.000000  1738.000000  0.181476  -1.000000 
 -0.001945  2  3017.000000  0.137887  1.000000  1738.000000  0.181476  1.000000 
 -0.001552  2  3017.000000  0.137887  -1.000000  3653.000000  0.183395  -1.000000 
 0.000709  2  3017.000000  0.137887  -1.000000  3653.000000  0.183395  1.000000 
 -0.002374  2  844.000000  0.098107  -1.000000  37.000000  -0.011380  -1.000000 
 0.001022  2  844.000000  0.098107  -1.000000  37.000000  -0.011380  1.000000 
 -0.001312  2  844.000000  0.098107  1.000000  1065.000000  0.240200  -1.000000 
 0.001382  2  844.000000  0.098107  1.000000  1065.000000  0.240200  1.000000 
 -0.001006  2  1818.000000  0.095798  1.000000  2558.000000  0.085912  -1.000000 
 0.001001  2  1818.000000  0.095798  1.000000  2558.000000  0.085912  1.000000 
 -0.001672  2  1818.000000  0.095798  -1.000000  1011.000000  0.309485  -1.000000 
 0.001361  2  1818.000000  0.095798  -1.000000  1011.000000  0.309485  1.000000 
 -0.001039  2  190.000000  0.175266  -1.000000  1794.000000  0.205482  -1.000000 
 0.001232  2  190.000000  0.175266  -1.000000  1794.000000  0.205482  1.000000 
 0.001493  2  190.000000  0.175266  1.000000  532.000000  0.170999  -1.000000 
 -0.001965  2  190.000000  0.175266  1.000000  532.000000  0.170999  1.000000 
 0.001119  2  765.000000  0.090653  1.000000  1660.000000  0.128521  -1.000000 
 -0.000901  2  765.000000  0.090653  1.000000  1660.000000  0.128521  1.000000 
 -0.001715  2  765.000000  0.090653  -1.000000  3082.000000  0.191770  -1.000000 
 0.000771  2  765.000000  0.090653  -1.000000  3082.000000  0.191770  1.000000 
 0.001546  2  44.000000  -0.006256  -1.000000  69.000000  0.470485  -1.000000 
 -0.002543  2  44.000000  -0.006256  -1.000000  69.000000  0.470485  1.000000 
 -0.001655  2  44.000000  -0.006256  1.000000  43.000000  -0.000798  -1.000000 
 0.000622  2  44.000000  -0.006256  1.000000  43.000000  -0.000798  1.000000 
 -0.001044  1  3536.000000  0.112729  -1.000000 
 -0.001579  2  3536.000000  0.112729  1.000000  3112.000000  0.168304  1.000000 
 0.001402  3  3536.000000  0.112729  1.000000  3112.000000  0.168304  -1.000000  684.000000  0.219030  -1.000000 
 -0.003170  3  3536.000000  0.112729  1.000000  3112.000000  0.168304  -1.000000  684.000000  0.219030  1.000000 
 0.001480  2  1936.000000  0.081167  -1.000000  24.000000  0.000271  -1.000000 
 -0.000813  2  1936.000000  0.081167  -1.000000  24.000000  0.000271  1.000000 
 -0.001422  2  1936.000000  0.081167  1.000000  2085.000000  0.214080  -1.000000 
 0.001122  2  1936.000000  0.081167  1.000000  2085.000000  0.214080  1.000000 
 -0.000840  1  1707.000000  0.141184  -1.000000 
 -0.001179  2  1707.000000  0.141184  1.000000  1776.000000  0.081244  -1.000000 
 0.001667  3  1707.000000  0.141184  1.000000  1776.000000  0.081244  1.000000  605.000000  0.199592  -1.000000 
 -0.002754  3  1707.000000  0.141184  1.000000  1776.000000  0.081244  1.000000  605.000000  0.199592  1.000000 
 0.001214  2  573.000000  0.174679  -1.000000  1130.000000  0.030197  -1.000000 
 -0.001063  2  573.000000  0.174679  -1.000000  1130.000000  0.030197  1.000000 
 -0.001539  2  573.000000  0.174679  1.000000  2104.000000  0.122543  -1.000000 
 0.001465  2  573.000000  0.174679  1.000000  2104.000000  0.122543  1.000000 
 0.001293  2  3453.000000  0.161656  1.000000  3112.000000  0.188790  -1.000000 
 -0.002711  2  3453.000000  0.161656  1.000000  3112.000000  0.188790  1.000000 
 -0.001028  2  3453.000000  0.161656  -1.000000  3281.000000  0.249893  -1.000000 
 0.001512  2  3453.000000  0.161656  -1.000000  3281.000000  0.249893  1.000000 
 0.001387  2  833.000000  0.146363  1.000000  2006.000000  0.177281  -1.000000 
 -0.003061  2  833.000000  0.146363  1.000000  2006.000000  0.177281  1.000000 
 -0.001353  2  833.000000  0.146363  -1.000000  152.000000  -1.668410  -1.000000 
 0.001154  2  833.000000  0.146363  -1.000000  152.000000  -1.668410  1.000000 
 0.001405  2  3060.000000  0.153002  1.000000  1027.000000  0.158626  -1.000000 
 -0.001620  2  3060.000000  0.153002  1.000000  1027.000000  0.158626  1.000000 
 -0.001010  2  3060.000000  0.153002  -1.000000  731.000000  0.331623  -1.000000 
 0.001521  2  3060.000000  0.153002  -1.000000  731.000000  0.331623  1.000000 
 -0.001067  2  3435.000000  0.169352  -1.000000  646.000000  0.336379  -1.000000 
 0.002193  2  3435.000000  0.169352  -1.000000  646.000000  0.336379  1.000000 
 -0.001867  2  3435.000000  0.169352  1.000000  3410.000000  0.070108  -1.000000 
 0.001273  2  3435.000000  0.169352  1.000000  3410.000000  0.070108  1.000000 
 0.001174  2  1869.000000  0.099972  -1.000000  211.000000  3.246750  -1.000000 
 -0.001311  2  1869.000000  0.099972  -1.000000  211.000000  3.246750  1.000000 
 -0.001252  2  1869.000000  0.099972  1.000000  137.000000  0.954881  -1.000000 
 0.001753  2  1869.000000  0.099972  1.000000  137.000000  0.954881  1.000000 
 -0.000964  2  3331.000000  0.184990  -1.000000  1803.000000  0.187562  -1.000000 
 0.000965  2  3331.000000  0.184990  -1.000000  1803.000000  0.187562  1.000000 
 -0.002894  2  3331.000000  0.184990  1.000000  1565.000000  0.042682  -1.000000 
 0.001633  2  3331.000000  0.184990  1.000000  1565.000000  0.042682  1.000000 
 -0.000683  2  1053.000000  0.129711  -1.000000  516.000000  0.096024  -1.000000 
 0.001122  2  1053.000000  0.129711  -1.000000  516.000000  0.096024  1.000000 
 -0.001775  2  1053.000000  0.129711  1.000000  2981.000000  0.231227  -1.000000 
 0.001107  2  1053.000000  0.129711  1.000000  2981.000000  0.231227  1.000000 
 0.001350  2  601.000000  0.120004  1.000000  1458.000000  0.104416  -1.000000 
 -0.000741  2  601.000000  0.120004  1.000000  1458.000000  0.104416  1.000000 
 -0.001416  2  601.000000  0.120004  -1.000000  1272.000000  0.284990  -1.000000 
 0.001198  2  601.000000  0.120004  -1.000000  1272.000000  0.284990  1.000000 
 0.001087  2  359.000000  0.121312  -1.000000  2728.000000  0.279757  -1.000000 
 -0.002892  2  359.000000  0.121312  -1.000000  2728.000000  0.279757  1.000000 
 -0.001551  2  359.000000  0.121312  1.000000  2402.000000  0.241268  -1.000000 
 0.000960  2  359.000000  0.121312  1.000000  2402.000000  0.241268  1.000000 
 -0.002010  2  34.000000  -0.005113  -1.000000  4.000000  0.057680  -1.000000 
 0.001249  2  34.000000  -0.005113  -1.000000  4.000000  0.057680  1.000000 
 0.000729  2  34.000000  -0.005113  1.000000  2728.000000  0.091785  -1.000000 
 -0.001586  2  34.000000  -0.005113  1.000000  2728.000000  0.091785  1.000000 
 -0.001394  1  3040.000000  0.071562  -1.000000 
 -0.001414  2  3040.000000  0.071562  1.000000  1928.000000  0.131800  1.000000 
 -0.002068  3  3040.000000  0.071562  1.000000  1928.000000  0.131800  -1.000000  32.000000  -0.011246  -1.000000 
 0.001286  3  3040.000000  0.071562  1.000000  1928.000000  0.131800  -1.000000  32.000000  -0.011246  1.000000 
 -0.001133  2  600.000000  0.186816  -1.000000  1620.000000  0.256221  -1.000000 
 0.000771  2  600.000000  0.186816  -1.000000  1620.000000  0.256221  1.000000 
 -0.002698  2  600.000000  0.186816  1.000000  2348.000000  0.057457  -1.000000 
 0.001425  2  600.000000  0.186816  1.000000  2348.000000  0.057457  1.000000 
 -0.001281  2  1260.000000  0.072903  1.000000  3658.000000  0.179678  -1.000000 
 0.001268  2  1260.000000  0.072903  1.000000  3658.000000  0.179678  1.000000 
 0.001360  2  1260.000000  0.072903  -1.000000  408.000000  0.131462  -1.000000 
 -0.001315  2  1260.000000  0.072903  -1.000000  408.000000  0.131462  1.000000 
 -0.000987  2  1471.000000  0.204920  -1.000000  3585.000000  0.204987  -1.000000 
 0.001347  2  1471.000000  0.204920  -1.000000  3585.000000  0.204987  1.000000 
 0.001807  2  1471.000000  0.204920  1.000000  3095.000000  0.161317  -1.000000 
 -0.001408  2  1471.000000  0.204920  1.000000  3095.000000  0.161317  1.000000 
 0.000890  1  201.000000  0.135178  -1.000000 
 -0.001249  2  201.000000  0.135178  1.000000  4.000000  0.088543  -1.000000 
 0.002246  3  201.000000  0.135178  1.000000  4.000000  0.088543  1.000000  1277.000000  0.133090  -1.000000 
 -0.002025  3  201.000000  0.135178  1.000000  4.000000  0.088543  1.000000  1277.000000  0.133090  1.000000 
 -0.001025  2  675.000000  0.166923  -1.000000  99.000000  0.603440  -1.000000 
 0.001619  2  675.000000  0.166923  -1.000000  99.000000  0.603440  1.000000 
 -0.001363  2  675.000000  0.166923  1.000000  2226.000000  0.078923  -1.000000 
 0.001133  2  675.000000  0.166923  1.000000  2226.000000  0.078923  1.000000 
 -0.001222  2  1672.000000  0.221755  -1.000000  175.000000  3375.300000  -1.000000 
 0.000866  2  1672.000000  0.221755  -1.000000  175.000000  3375.300000  1.000000 
 -0.002044  2  1672.000000  0.221755  1.000000  3677.000000  0.072467  -1.000000 
 0.001344  2  1672.000000  0.221755  1.000000  3677.000000  0.072467  1.000000 
 0.000856  2  403.000000  0.113747  1.000000  235.000000  -0.048934  -1.000000 
 -0.001529  2  403.000000  0.113747  1.000000  235.000000  -0.048934  1.000000 
 0.001642  2  403.000000  0.113747  -1.000000  1927.000000  0.100272  -1.000000 
 -0.001496  2  403.000000  0.113747  -1.000000  1927.000000  0.100272  1.000000 
 0.001196  2  1029.000000  0.110387  1.000000  1023.000000  0.176814  -1.000000 
 -0.001605  2  1029.000000  0.110387  1.000000  1023.000000  0.176814  1.000000 
 -0.001130  2  1029.000000  0.110387  -1.000000  712.000000  0.269476  -1.000000 
 0.002038  2  1029.000000  0.110387  -1.000000  712.000000  0.269476  1.000000 
 -0.001190  2  1096.000000  0.071755  1.000000  23.000000  0.001004  -1.000000 
 0.000898  2  1096.000000  0.071755  1.000000  23.000000  0.001004  1.000000 
 -0.002398  2  1096.000000  0.071755  -1.000000  49.000000  -0.038758  -1.000000 
 0.001233  2  1096.000000  0.071755  -1.000000  49.000000  -0.038758  1.000000 
 -0.001342  2  2364.000000  0.134918  1.000000  293.000000  0.083083  -1.000000 
 0.001247  2  2364.000000  0.134918  1.000000  293.000000  0.083083  1.000000 
 -0.001154  2  2364.000000  0.134918  -1.000000  1773.000000  0.290736  -1.000000 
 0.003537  2  2364.000000  0.134918  -1.000000  1773.000000  0.290736  1.000000 
 -0.001092  1  986.000000  0.138365  1.000000 
 -0.002557  2  986.000000  0.138365  -1.000000  863.000000  0.184954  1.000000 
 0.001201  3  986.000000  0.138365  -1.000000  863.000000  0.184954  -1.000000  3473.000000  0.180883  -1.000000 
 -0.001499  3  986.000000  0.138365  -1.000000  863.000000  0.184954  -1.000000  3473.000000  0.180883  1.000000 
 -0.001056  1  3695.000000  0.082549  -1.000000 
 -0.001393  2  3695.000000  0.082549  1.000000  1059.000000  0.174087  1.000000 
 0.001787  3  3695.000000  0.082549  1.000000  1059.000000  0.174087  -1.000000  1448.000000  0.162754  -1.000000 
 -0.000868  3  3695.000000  0.082549  1.000000  1059.000000  0.174087  -1.000000  1448.000000  0.162754  1.000000 
 -0.001073  2  580.000000  0.183277  -1.000000  1264.000000  0.266223  -1.000000 
 0.001160  2  580.000000  0.183277  -1.000000  1264.000000  0.266223  1.000000 
 -0.001983  2  580.000000  0.183277  1.000000  4.000000  0.054047  -1.000000 
 0.001625  2  580.000000  0.183277  1.000000  4.000000  0.054047  1.000000 
 -0.001205  1  1929.000000  0.109340  1.000000 
 0.001076  2  1929.000000  0.109340  -1.000000  525.000000  0.060573  1.000000 
 0.001086  3  1929.000000  0.109340  -1.000000  525.000000  0.060573  -1.000000  2654.000000  0.026106  -1.000000 
 -0.002901  3  1929.000000  0.109340  -1.000000  525.000000  0.060573  -1.000000  2654.000000  0.026106  1.000000 
 0.001235  2  2740.000000  0.097681  1.000000  392.000000  0.147369  -1.000000 
 -0.000907  2  2740.000000  0.097681  1.000000  392.000000  0.147369  1.000000 
 -0.001395  2  2740.000000  0.097681  -1.000000  165.000000  0.447154  -1.000000 
 0.002003  2  2740.000000  0.097681  -1.000000  165.000000  0.447154  1.000000 
 0.000959  2  47.000000  -0.004895  1.000000  937.000000  0.062255  -1.000000 
 -0.001332  2  47.000000  -0.004895  1.000000  937.000000  0.062255  1.000000 
 -0.001229  2  47.000000  -0.004895  -1.000000  2459.000000  0.086504  -1.000000 
 0.001452  2  47.000000  -0.004895  -1.000000  2459.000000  0.086504  1.000000 
 -0.001180  2  275.000000  0.105638  1.000000  814.000000  0.278634  -1.000000 
 0.001527  2  275.000000  0.105638  1.000000  814.000000  0.278634  1.000000 
 0.001078  2  275.000000  0.105638  -1.000000  3773.000000  0.211780  -1.000000 
 -0.002737  2  275.000000  0.105638  -1.000000  3773.000000  0.211780  1.000000 
 -0.001088  2  1489.000000  0.190686  1.000000  3773.000000  0.098456  -1.000000 
 0.001577  2  1489.000000  0.190686  1.000000  3773.000000  0.098456  1.000000 
 -0.001740  2  1489.000000  0.190686  -1.000000  219.000000  -1.506815  -1.000000 
 0.000468  2  1489.000000  0.190686  -1.000000  219.000000  -1.506815  1.000000 
 -0.000872  1  2559.000000  0.110858  -1.000000 
 -0.001152  2  2559.000000  0.110858  1.000000  3519.000000  0.153505  1.000000 
 -0.001499  3  2559.000000  0.110858  1.000000  3519.000000  0.153505  -1.000000  901.000000  0.073810  -1.000000 
 0.001637  3  2559.000000  0.110858  1.000000  3519.000000  0.153505  -1.000000  901.000000  0.073810  1.000000 
 0.001072  2  3693.000000  0.099870  -1.000000  1345.000000  0.155409  -1.000000 
 -0.001259  2  3693.000000  0.099870  -1.000000  1345.000000  0.155409  1.000000 
 -0.001471  2  3693.000000  0.099870  1.000000  3008.000000  0.269153  -1.000000 
 0.001458  2  3693.000000  0.099870  1.000000  3008.000000  0.269153  1.000000 
 -0.000945  1  3509.000000  0.064055  -1.000000 
 -0.001416  2  3509.000000  0.064055  1.000000  725.000000  0.147060  1.000000 
 0.001266  3  3509.000000  0.064055  1.000000  725.000000  0.147060  -1.000000  2744.000000  0.213902  -1.000000 
 -0.002925  3  3509.000000  0.064055  1.000000  725.000000  0.147060  -1.000000  2744.000000  0.213902  1.000000 
 0.001062  2  1380.000000  0.121506  1.000000  1937.000000  0.176466  -1.000000 
 -0.002496  2  1380.000000  0.121506  1.000000  1937.000000  0.176466  1.000000 
 -0.001052  2  1380.000000  0.121506  -1.000000  778.000000  0.184106  -1.000000 
 0.001471  2  1380.000000  0.121506  -1.000000  778.000000  0.184106  1.000000 
 0.000922  2  1309.000000  0.117048  -1.000000  3753.000000  0.231194  -1.000000 
 -0.003323  2  1309.000000  0.117048  -1.000000  3753.000000  0.231194  1.000000 
 -0.001336  2  1309.000000  0.117048  1.000000  602.000000  0.293418  -1.000000 
 0.002240  2  1309.000000  0.117048  1.000000  602.000000  0.293418  1.000000 
