 240
  -0.003713  1  17.000000  0.000198  -1.000000 
 -0.013002  2  17.000000  0.000198  1.000000  7.000000  1.390750  1.000000 
 -0.003133  3  17.000000  0.000198  1.000000  7.000000  1.390750  -1.000000  18.000000  0.000257  -1.000000 
 0.007923  3  17.000000  0.000198  1.000000  7.000000  1.390750  -1.000000  18.000000  0.000257  1.000000 
 0.004920  1  1707.000000  0.259096  1.000000 
 0.004222  2  1707.000000  0.259096  -1.000000  14.000000  0.003923  1.000000 
 -0.006764  3  1707.000000  0.259096  -1.000000  14.000000  0.003923  -1.000000  638.000000  0.310952  -1.000000 
 0.002218  3  1707.000000  0.259096  -1.000000  14.000000  0.003923  -1.000000  638.000000  0.310952  1.000000 
 -0.004963  2  1346.000000  0.073288  1.000000  1066.000000  0.301736  -1.000000 
 0.004834  2  1346.000000  0.073288  1.000000  1066.000000  0.301736  1.000000 
 0.004474  2  1346.000000  0.073288  -1.000000  1711.000000  0.099960  -1.000000 
 -0.003200  2  1346.000000  0.073288  -1.000000  1711.000000  0.099960  1.000000 
 0.004646  2  1082.000000  0.193334  1.000000  166.000000  0.721032  -1.000000 
 -0.007434  2  1082.000000  0.193334  1.000000  166.000000  0.721032  1.000000 
 0.002784  2  1082.000000  0.193334  -1.000000  1115.000000  0.021055  -1.000000 
 -0.003893  2  1082.000000  0.193334  -1.000000  1115.000000  0.021055  1.000000 
 -0.004671  2  1217.000000  0.173189  1.000000  195.000000  -0.319497  -1.000000 
 0.003900  2  1217.000000  0.173189  1.000000  195.000000  -0.319497  1.000000 
 0.003810  2  1217.000000  0.173189  -1.000000  1163.000000  0.000003  -1.000000 
 -0.004168  2  1217.000000  0.173189  -1.000000  1163.000000  0.000003  1.000000 
 -0.002713  1  927.000000  0.158944  -1.000000 
 0.005401  2  927.000000  0.158944  1.000000  1708.000000  0.145868  1.000000 
 -0.004784  3  927.000000  0.158944  1.000000  1708.000000  0.145868  -1.000000  572.000000  0.158953  -1.000000 
 0.006128  3  927.000000  0.158944  1.000000  1708.000000  0.145868  -1.000000  572.000000  0.158953  1.000000 
 0.004021  1  573.000000  0.218942  1.000000 
 0.003481  2  573.000000  0.218942  -1.000000  1672.000000  0.363294  1.000000 
 -0.004168  3  573.000000  0.218942  -1.000000  1672.000000  0.363294  -1.000000  992.000000  0.293302  -1.000000 
 0.004082  3  573.000000  0.218942  -1.000000  1672.000000  0.363294  -1.000000  992.000000  0.293302  1.000000 
 -0.003376  1  223.000000  4.601115  1.000000 
 -0.008564  2  223.000000  4.601115  -1.000000  4.000000  0.022255  -1.000000 
 0.004014  3  223.000000  4.601115  -1.000000  4.000000  0.022255  1.000000  87.000000  0.595622  -1.000000 
 -0.005543  3  223.000000  4.601115  -1.000000  4.000000  0.022255  1.000000  87.000000  0.595622  1.000000 
 0.002943  1  646.000000  0.207472  1.000000 
 0.003371  2  646.000000  0.207472  -1.000000  401.000000  0.022199  -1.000000 
 -0.004975  3  646.000000  0.207472  -1.000000  401.000000  0.022199  1.000000  281.000000  0.165383  -1.000000 
 0.002721  3  646.000000  0.207472  -1.000000  401.000000  0.022199  1.000000  281.000000  0.165383  1.000000 
 0.003579  2  1453.000000  0.146954  -1.000000  1281.000000  0.035688  -1.000000 
 -0.004082  2  1453.000000  0.146954  -1.000000  1281.000000  0.035688  1.000000 
 0.003061  2  1453.000000  0.146954  1.000000  1105.000000  0.238791  -1.000000 
 -0.006835  2  1453.000000  0.146954  1.000000  1105.000000  0.238791  1.000000 
 -0.003114  1  1628.000000  0.139778  -1.000000 
 0.003568  2  1628.000000  0.139778  1.000000  1411.000000  0.157567  -1.000000 
 0.004320  3  1628.000000  0.139778  1.000000  1411.000000  0.157567  1.000000  1014.000000  0.046358  -1.000000 
 -0.005839  3  1628.000000  0.139778  1.000000  1411.000000  0.157567  1.000000  1014.000000  0.046358  1.000000 
 0.003097  2  557.000000  0.057716  1.000000  1716.000000  0.238256  -1.000000 
 -0.006403  2  557.000000  0.057716  1.000000  1716.000000  0.238256  1.000000 
 -0.004153  2  557.000000  0.057716  -1.000000  30.000000  0.000366  -1.000000 
 0.003611  2  557.000000  0.057716  -1.000000  30.000000  0.000366  1.000000 
 -0.003746  2  9.000000  1.058820  1.000000  814.000000  0.256811  -1.000000 
 0.004649  2  9.000000  1.058820  1.000000  814.000000  0.256811  1.000000 
 0.003438  2  9.000000  1.058820  -1.000000  1266.000000  0.135947  -1.000000 
 -0.003426  2  9.000000  1.058820  -1.000000  1266.000000  0.135947  1.000000 
 0.003101  1  1622.000000  0.133273  1.000000 
 0.005367  2  1622.000000  0.133273  -1.000000  523.000000  0.166394  1.000000 
 0.003056  3  1622.000000  0.133273  -1.000000  523.000000  0.166394  -1.000000  819.000000  0.000237  -1.000000 
 -0.004319  3  1622.000000  0.133273  -1.000000  523.000000  0.166394  -1.000000  819.000000  0.000237  1.000000 
 -0.003616  2  902.000000  0.107040  -1.000000  127.000000  0.338213  -1.000000 
 0.004658  2  902.000000  0.107040  -1.000000  127.000000  0.338213  1.000000 
 0.004117  2  902.000000  0.107040  1.000000  1693.000000  0.168210  -1.000000 
 -0.004742  2  902.000000  0.107040  1.000000  1693.000000  0.168210  1.000000 
 0.004488  2  1571.000000  0.058560  -1.000000  116.000000  0.542350  -1.000000 
 -0.006488  2  1571.000000  0.058560  -1.000000  116.000000  0.542350  1.000000 
 -0.003389  2  1571.000000  0.058560  1.000000  636.000000  0.269953  -1.000000 
 0.004949  2  1571.000000  0.058560  1.000000  636.000000  0.269953  1.000000 
 -0.006325  2  1593.000000  0.197701  1.000000  1636.000000  0.045147  -1.000000 
 0.004146  2  1593.000000  0.197701  1.000000  1636.000000  0.045147  1.000000 
 0.002969  2  1593.000000  0.197701  -1.000000  940.000000  0.023605  -1.000000 
 -0.003341  2  1593.000000  0.197701  -1.000000  940.000000  0.023605  1.000000 
 0.002924  1  1181.000000  0.191629  1.000000 
 0.004589  2  1181.000000  0.191629  -1.000000  119.000000  0.144426  1.000000 
 -0.004635  3  1181.000000  0.191629  -1.000000  119.000000  0.144426  -1.000000  1099.000000  0.155711  -1.000000 
 0.002655  3  1181.000000  0.191629  -1.000000  119.000000  0.144426  -1.000000  1099.000000  0.155711  1.000000 
 0.003353  2  719.000000  0.128430  -1.000000  723.000000  0.147273  -1.000000 
 -0.005482  2  719.000000  0.128430  -1.000000  723.000000  0.147273  1.000000 
 -0.004227  2  719.000000  0.128430  1.000000  510.000000  0.205871  -1.000000 
 0.006193  2  719.000000  0.128430  1.000000  510.000000  0.205871  1.000000 
 0.004336  2  456.000000  0.073850  1.000000  40.000000  -0.001236  -1.000000 
 -0.002998  2  456.000000  0.073850  1.000000  40.000000  -0.001236  1.000000 
 0.004264  2  456.000000  0.073850  -1.000000  140.000000  0.001613  -1.000000 
 -0.003881  2  456.000000  0.073850  -1.000000  140.000000  0.001613  1.000000 
 -0.003738  2  1881.000000  0.153623  -1.000000  1883.000000  0.148322  -1.000000 
 0.004951  2  1881.000000  0.153623  -1.000000  1883.000000  0.148322  1.000000 
 0.005697  2  1881.000000  0.153623  1.000000  8.000000  1.163090  -1.000000 
 -0.001844  2  1881.000000  0.153623  1.000000  8.000000  1.163090  1.000000 
 -0.003480  2  1651.000000  0.061807  1.000000  1038.000000  0.245273  -1.000000 
 0.003204  2  1651.000000  0.061807  1.000000  1038.000000  0.245273  1.000000 
 0.004381  2  1651.000000  0.061807  -1.000000  650.000000  0.120897  -1.000000 
 -0.003703  2  1651.000000  0.061807  -1.000000  650.000000  0.120897  1.000000 
 -0.003348  1  869.000000  0.081137  -1.000000 
 -0.003426  2  869.000000  0.081137  1.000000  166.000000  0.415448  1.000000 
 0.004987  3  869.000000  0.081137  1.000000  166.000000  0.415448  -1.000000  741.000000  0.149246  -1.000000 
 -0.003404  3  869.000000  0.081137  1.000000  166.000000  0.415448  -1.000000  741.000000  0.149246  1.000000 
 -0.003724  2  285.000000  0.096871  1.000000  1055.000000  0.274174  -1.000000 
 0.002976  2  285.000000  0.096871  1.000000  1055.000000  0.274174  1.000000 
 0.003628  2  285.000000  0.096871  -1.000000  198.000000  1.558450  -1.000000 
 -0.005741  2  285.000000  0.096871  -1.000000  198.000000  1.558450  1.000000 
 -0.002813  1  169.000000  -0.103953  -1.000000 
 -0.004458  2  169.000000  -0.103953  1.000000  257.000000  -0.496255  -1.000000 
 0.003944  3  169.000000  -0.103953  1.000000  257.000000  -0.496255  1.000000  477.000000  0.337994  -1.000000 
 -0.006755  3  169.000000  -0.103953  1.000000  257.000000  -0.496255  1.000000  477.000000  0.337994  1.000000 
 0.003490  2  469.000000  0.150363  1.000000  1053.000000  0.197230  -1.000000 
 -0.005697  2  469.000000  0.150363  1.000000  1053.000000  0.197230  1.000000 
 0.003632  2  469.000000  0.150363  -1.000000  1645.000000  0.001495  -1.000000 
 -0.003129  2  469.000000  0.150363  -1.000000  1645.000000  0.001495  1.000000 
 0.003680  1  775.000000  0.125899  1.000000 
 -0.002847  2  775.000000  0.125899  -1.000000  1898.000000  0.234036  -1.000000 
 0.006380  3  775.000000  0.125899  -1.000000  1898.000000  0.234036  1.000000  1149.000000  0.154725  -1.000000 
 -0.004981  3  775.000000  0.125899  -1.000000  1898.000000  0.234036  1.000000  1149.000000  0.154725  1.000000 
 0.003293  2  1780.000000  0.111423  -1.000000  820.000000  0.133462  -1.000000 
 -0.004412  2  1780.000000  0.111423  -1.000000  820.000000  0.133462  1.000000 
 -0.004108  2  1780.000000  0.111423  1.000000  1182.000000  0.235585  -1.000000 
 0.004971  2  1780.000000  0.111423  1.000000  1182.000000  0.235585  1.000000 
 0.002719  1  1043.000000  0.107892  1.000000 
 0.002937  2  1043.000000  0.107892  -1.000000  908.000000  0.049060  -1.000000 
 -0.003946  3  1043.000000  0.107892  -1.000000  908.000000  0.049060  1.000000  520.000000  0.241517  -1.000000 
 0.007048  3  1043.000000  0.107892  -1.000000  908.000000  0.049060  1.000000  520.000000  0.241517  1.000000 
 -0.003557  2  324.000000  0.087054  -1.000000  355.000000  0.123541  -1.000000 
 0.003794  2  324.000000  0.087054  -1.000000  355.000000  0.123541  1.000000 
 -0.004487  2  324.000000  0.087054  1.000000  646.000000  0.069249  -1.000000 
 0.003194  2  324.000000  0.087054  1.000000  646.000000  0.069249  1.000000 
 0.003162  2  1550.000000  0.120633  -1.000000  132.000000  0.016695  -1.000000 
 -0.003799  2  1550.000000  0.120633  -1.000000  132.000000  0.016695  1.000000 
 -0.004248  2  1550.000000  0.120633  1.000000  1280.000000  0.244189  -1.000000 
 0.007505  2  1550.000000  0.120633  1.000000  1280.000000  0.244189  1.000000 
 -0.003930  2  661.000000  0.050601  1.000000  1174.000000  0.149114  -1.000000 
 0.003295  2  661.000000  0.050601  1.000000  1174.000000  0.149114  1.000000 
 -0.008321  2  661.000000  0.050601  -1.000000  4.000000  0.021068  -1.000000 
 0.004266  2  661.000000  0.050601  -1.000000  4.000000  0.021068  1.000000 
 0.003422  1  1491.000000  0.193389  1.000000 
 0.005650  2  1491.000000  0.193389  -1.000000  1331.000000  0.000002  -1.000000 
 -0.004113  3  1491.000000  0.193389  -1.000000  1331.000000  0.000002  1.000000  1787.000000  0.157629  -1.000000 
 0.002765  3  1491.000000  0.193389  -1.000000  1331.000000  0.000002  1.000000  1787.000000  0.157629  1.000000 
 0.003820  1  25.000000  0.003975  1.000000 
 0.002375  2  25.000000  0.003975  -1.000000  1706.000000  0.260919  1.000000 
 -0.004246  3  25.000000  0.003975  -1.000000  1706.000000  0.260919  -1.000000  1737.000000  0.185489  -1.000000 
 0.003205  3  25.000000  0.003975  -1.000000  1706.000000  0.260919  -1.000000  1737.000000  0.185489  1.000000 
 0.004904  2  1028.000000  0.101430  1.000000  732.000000  0.163741  -1.000000 
 -0.003497  2  1028.000000  0.101430  1.000000  732.000000  0.163741  1.000000 
 0.003350  2  1028.000000  0.101430  -1.000000  1760.000000  0.036171  -1.000000 
 -0.003250  2  1028.000000  0.101430  -1.000000  1760.000000  0.036171  1.000000 
 0.002743  1  1629.000000  0.201969  1.000000 
 -0.004025  2  1629.000000  0.201969  -1.000000  674.000000  0.180350  -1.000000 
 0.004506  3  1629.000000  0.201969  -1.000000  674.000000  0.180350  1.000000  1598.000000  0.123734  -1.000000 
 -0.005739  3  1629.000000  0.201969  -1.000000  674.000000  0.180350  1.000000  1598.000000  0.123734  1.000000 
 0.002708  2  1138.000000  0.139635  -1.000000  897.000000  0.057952  -1.000000 
 -0.003300  2  1138.000000  0.139635  -1.000000  897.000000  0.057952  1.000000 
 0.004068  2  1138.000000  0.139635  1.000000  36.000000  -0.000301  -1.000000 
 -0.006632  2  1138.000000  0.139635  1.000000  36.000000  -0.000301  1.000000 
 0.003161  2  879.000000  0.065421  1.000000  819.000000  0.136549  -1.000000 
 -0.003287  2  879.000000  0.065421  1.000000  819.000000  0.136549  1.000000 
 0.002910  2  879.000000  0.065421  -1.000000  1121.000000  0.026744  -1.000000 
 -0.005912  2  879.000000  0.065421  -1.000000  1121.000000  0.026744  1.000000 
 -0.004642  2  44.000000  -0.000857  -1.000000  858.000000  0.126883  -1.000000 
 0.003281  2  44.000000  -0.000857  -1.000000  858.000000  0.126883  1.000000 
 -0.003435  2  44.000000  -0.000857  1.000000  1876.000000  0.013759  -1.000000 
 0.003927  2  44.000000  -0.000857  1.000000  1876.000000  0.013759  1.000000 
 -0.003503  2  38.000000  -0.003994  1.000000  1162.000000  0.194861  -1.000000 
 0.003845  2  38.000000  -0.003994  1.000000  1162.000000  0.194861  1.000000 
 0.003584  2  38.000000  -0.003994  -1.000000  162.000000  3.501105  -1.000000 
 -0.004172  2  38.000000  -0.003994  -1.000000  162.000000  3.501105  1.000000 
 0.003637  2  1582.000000  0.069486  -1.000000  41.000000  0.000001  -1.000000 
 -0.005402  2  1582.000000  0.069486  -1.000000  41.000000  0.000001  1.000000 
 -0.003513  2  1582.000000  0.069486  1.000000  1699.000000  0.338041  -1.000000 
 0.005606  2  1582.000000  0.069486  1.000000  1699.000000  0.338041  1.000000 
 -0.004093  2  1747.000000  0.073579  -1.000000  1693.000000  0.008868  -1.000000 
 0.004279  2  1747.000000  0.073579  -1.000000  1693.000000  0.008868  1.000000 
 -0.004253  2  1747.000000  0.073579  1.000000  781.000000  0.166749  -1.000000 
 0.004431  2  1747.000000  0.073579  1.000000  781.000000  0.166749  1.000000 
 0.003188  2  385.000000  0.106166  -1.000000  1710.000000  0.107708  -1.000000 
 -0.004708  2  385.000000  0.106166  -1.000000  1710.000000  0.107708  1.000000 
 -0.004347  2  385.000000  0.106166  1.000000  1562.000000  0.173386  -1.000000 
 0.003343  2  385.000000  0.106166  1.000000  1562.000000  0.173386  1.000000 
 0.003096  2  1334.000000  0.131903  1.000000  8.000000  1.235985  -1.000000 
 -0.003824  2  1334.000000  0.131903  1.000000  8.000000  1.235985  1.000000 
 0.004968  2  1334.000000  0.131903  -1.000000  1163.000000  0.031371  -1.000000 
 -0.003908  2  1334.000000  0.131903  -1.000000  1163.000000  0.031371  1.000000 
 -0.002625  1  1408.000000  0.058713  -1.000000 
 -0.002768  2  1408.000000  0.058713  1.000000  1790.000000  0.160260  1.000000 
 0.004739  3  1408.000000  0.058713  1.000000  1790.000000  0.160260  -1.000000  1801.000000  0.226577  -1.000000 
 -0.005602  3  1408.000000  0.058713  1.000000  1790.000000  0.160260  -1.000000  1801.000000  0.226577  1.000000 
 -0.003902  2  1093.000000  0.110569  1.000000  439.000000  0.244316  -1.000000 
 0.003542  2  1093.000000  0.110569  1.000000  439.000000  0.244316  1.000000 
 -0.001477  2  1093.000000  0.110569  -1.000000  866.000000  0.064712  -1.000000 
 0.004724  2  1093.000000  0.110569  -1.000000  866.000000  0.064712  1.000000 
 -0.002897  2  509.000000  0.064304  1.000000  992.000000  0.306862  -1.000000 
 0.007546  2  509.000000  0.064304  1.000000  992.000000  0.306862  1.000000 
 0.004466  2  509.000000  0.064304  -1.000000  233.000000  0.294287  -1.000000 
 -0.004429  2  509.000000  0.064304  -1.000000  233.000000  0.294287  1.000000 
 -0.003609  2  516.000000  0.145324  -1.000000  339.000000  0.209552  -1.000000 
 0.002123  2  516.000000  0.145324  -1.000000  339.000000  0.209552  1.000000 
 0.004774  2  516.000000  0.145324  1.000000  487.000000  0.174330  -1.000000 
 -0.005037  2  516.000000  0.145324  1.000000  487.000000  0.174330  1.000000 
 -0.002960  2  1672.000000  0.262733  -1.000000  1766.000000  0.172268  -1.000000 
 0.004054  2  1672.000000  0.262733  -1.000000  1766.000000  0.172268  1.000000 
 -0.005172  2  1672.000000  0.262733  1.000000  1913.000000  0.016954  -1.000000 
 0.004342  2  1672.000000  0.262733  1.000000  1913.000000  0.016954  1.000000 
 0.004232  2  515.000000  0.123067  1.000000  1281.000000  0.036920  -1.000000 
 -0.004316  2  515.000000  0.123067  1.000000  1281.000000  0.036920  1.000000 
 -0.005498  2  515.000000  0.123067  -1.000000  163.000000  -0.419729  -1.000000 
 0.003569  2  515.000000  0.123067  -1.000000  163.000000  -0.419729  1.000000 
 0.004849  2  517.000000  0.141243  1.000000  968.000000  0.131390  -1.000000 
 -0.005006  2  517.000000  0.141243  1.000000  968.000000  0.131390  1.000000 
 -0.003435  2  517.000000  0.141243  -1.000000  24.000000  0.002785  -1.000000 
 0.001942  2  517.000000  0.141243  -1.000000  24.000000  0.002785  1.000000 
 -0.002610  1  1333.000000  0.119659  -1.000000 
 -0.003445  2  1333.000000  0.119659  1.000000  957.000000  0.138744  1.000000 
 -0.002825  3  1333.000000  0.119659  1.000000  957.000000  0.138744  -1.000000  1556.000000  0.063179  -1.000000 
 0.005404  3  1333.000000  0.119659  1.000000  957.000000  0.138744  -1.000000  1556.000000  0.063179  1.000000 
 0.003568  2  1086.000000  0.082467  -1.000000  1717.000000  0.146902  -1.000000 
 -0.004246  2  1086.000000  0.082467  -1.000000  1717.000000  0.146902  1.000000 
 -0.005663  2  1086.000000  0.082467  1.000000  681.000000  0.090001  -1.000000 
 0.001778  2  1086.000000  0.082467  1.000000  681.000000  0.090001  1.000000 
 -0.005444  2  1472.000000  0.113096  1.000000  1067.000000  0.024255  -1.000000 
 0.003446  2  1472.000000  0.113096  1.000000  1067.000000  0.024255  1.000000 
 0.004037  2  1472.000000  0.113096  -1.000000  1645.000000  0.001235  -1.000000 
 -0.003907  2  1472.000000  0.113096  -1.000000  1645.000000  0.001235  1.000000 
 0.003279  2  551.000000  0.107955  -1.000000  893.000000  0.178089  -1.000000 
 -0.005997  2  551.000000  0.107955  -1.000000  893.000000  0.178089  1.000000 
 -0.004319  2  551.000000  0.107955  1.000000  983.000000  0.299439  -1.000000 
 0.002939  2  551.000000  0.107955  1.000000  983.000000  0.299439  1.000000 
 0.002453  1  270.000000  0.104365  1.000000 
 0.006158  2  270.000000  0.104365  -1.000000  1393.000000  0.199299  1.000000 
 -0.004311  3  270.000000  0.104365  -1.000000  1393.000000  0.199299  -1.000000  1160.000000  0.220898  -1.000000 
 0.004295  3  270.000000  0.104365  -1.000000  1393.000000  0.199299  -1.000000  1160.000000  0.220898  1.000000 
 0.003331  2  293.000000  0.128944  -1.000000  1384.000000  0.180285  -1.000000 
 -0.003020  2  293.000000  0.128944  -1.000000  1384.000000  0.180285  1.000000 
 -0.005213  2  293.000000  0.128944  1.000000  1091.000000  0.163937  -1.000000 
 0.003174  2  293.000000  0.128944  1.000000  1091.000000  0.163937  1.000000 
 -0.003300  2  1692.000000  0.082391  1.000000  1443.000000  0.190737  -1.000000 
 0.004616  2  1692.000000  0.082391  1.000000  1443.000000  0.190737  1.000000 
 -0.003751  2  1692.000000  0.082391  -1.000000  1499.000000  0.000005  -1.000000 
 0.003644  2  1692.000000  0.082391  -1.000000  1499.000000  0.000005  1.000000 
 0.002611  1  1881.000000  0.153623  1.000000 
 -0.005078  2  1881.000000  0.153623  -1.000000  1003.000000  0.089202  1.000000 
 0.004929  3  1881.000000  0.153623  -1.000000  1003.000000  0.089202  -1.000000  1097.000000  0.090833  -1.000000 
 -0.002675  3  1881.000000  0.153623  -1.000000  1003.000000  0.089202  -1.000000  1097.000000  0.090833  1.000000 
 0.002060  2  602.000000  0.152367  -1.000000  1090.000000  0.056809  -1.000000 
 -0.003908  2  602.000000  0.152367  -1.000000  1090.000000  0.056809  1.000000 
 0.004281  2  602.000000  0.152367  1.000000  166.000000  0.484963  -1.000000 
 -0.004554  2  602.000000  0.152367  1.000000  166.000000  0.484963  1.000000 
