 240
  -0.003520  1  17.000000  0.000198  -1.000000 
 -0.016696  2  17.000000  0.000198  1.000000  7.000000  1.390750  1.000000 
 -0.002954  3  17.000000  0.000198  1.000000  7.000000  1.390750  -1.000000  18.000000  0.000257  -1.000000 
 0.008070  3  17.000000  0.000198  1.000000  7.000000  1.390750  -1.000000  18.000000  0.000257  1.000000 
 0.004391  1  1707.000000  0.259096  1.000000 
 0.003770  2  1707.000000  0.259096  -1.000000  14.000000  0.003923  1.000000 
 0.003169  3  1707.000000  0.259096  -1.000000  14.000000  0.003923  -1.000000  178.000000  -5716.960000  -1.000000 
 -0.006038  3  1707.000000  0.259096  -1.000000  14.000000  0.003923  -1.000000  178.000000  -5716.960000  1.000000 
 -0.004555  2  1293.000000  0.066132  1.000000  1628.000000  0.326515  -1.000000 
 0.003747  2  1293.000000  0.066132  1.000000  1628.000000  0.326515  1.000000 
 0.005169  2  1293.000000  0.066132  -1.000000  725.000000  0.084289  -1.000000 
 -0.002193  2  1293.000000  0.066132  -1.000000  725.000000  0.084289  1.000000 
 0.004593  2  1082.000000  0.171924  1.000000  89.000000  0.592038  -1.000000 
 -0.004416  2  1082.000000  0.171924  1.000000  89.000000  0.592038  1.000000 
 0.002703  2  1082.000000  0.171924  -1.000000  1115.000000  0.021055  -1.000000 
 -0.003920  2  1082.000000  0.171924  -1.000000  1115.000000  0.021055  1.000000 
 -0.003920  2  1489.000000  0.208661  -1.000000  1010.000000  0.328451  -1.000000 
 0.004585  2  1489.000000  0.208661  -1.000000  1010.000000  0.328451  1.000000 
 0.004607  2  1489.000000  0.208661  1.000000  166.000000  0.388271  -1.000000 
 -0.002211  2  1489.000000  0.208661  1.000000  166.000000  0.388271  1.000000 
 -0.003186  2  646.000000  0.207472  -1.000000  1306.000000  0.312824  -1.000000 
 0.003026  2  646.000000  0.207472  -1.000000  1306.000000  0.312824  1.000000 
 -0.004509  2  646.000000  0.207472  1.000000  523.000000  0.012554  -1.000000 
 0.005083  2  646.000000  0.207472  1.000000  523.000000  0.012554  1.000000 
 0.002433  2  927.000000  0.158944  -1.000000  448.000000  0.056631  -1.000000 
 -0.004872  2  927.000000  0.158944  -1.000000  448.000000  0.056631  1.000000 
 0.003005  2  927.000000  0.158944  1.000000  926.000000  0.352394  -1.000000 
 -0.004030  2  927.000000  0.158944  1.000000  926.000000  0.352394  1.000000 
 -0.005954  2  44.000000  -0.000857  1.000000  193.000000  -0.746834  -1.000000 
 0.003396  2  44.000000  -0.000857  1.000000  193.000000  -0.746834  1.000000 
 -0.004027  2  44.000000  -0.000857  -1.000000  1099.000000  0.157338  -1.000000 
 0.003953  2  44.000000  -0.000857  -1.000000  1099.000000  0.157338  1.000000 
 -0.003336  2  38.000000  -0.005166  1.000000  831.000000  0.237945  -1.000000 
 0.002652  2  38.000000  -0.005166  1.000000  831.000000  0.237945  1.000000 
 -0.006726  2  38.000000  -0.005166  -1.000000  257.000000  -0.452659  -1.000000 
 0.003875  2  38.000000  -0.005166  -1.000000  257.000000  -0.452659  1.000000 
 -0.003163  1  1580.000000  0.086754  1.000000 
 0.003725  2  1580.000000  0.086754  -1.000000  1032.000000  0.032356  1.000000 
 0.004180  3  1580.000000  0.086754  -1.000000  1032.000000  0.032356  -1.000000  1331.000000  0.000001  -1.000000 
 -0.005870  3  1580.000000  0.086754  -1.000000  1032.000000  0.032356  -1.000000  1331.000000  0.000001  1.000000 
 0.002388  2  758.000000  0.208228  -1.000000  1645.000000  0.026481  -1.000000 
 -0.003165  2  758.000000  0.208228  -1.000000  1645.000000  0.026481  1.000000 
 0.004134  2  758.000000  0.208228  1.000000  585.000000  0.219044  -1.000000 
 -0.008651  2  758.000000  0.208228  1.000000  585.000000  0.219044  1.000000 
 -0.003641  2  1881.000000  0.132040  -1.000000  1699.000000  0.306762  -1.000000 
 0.002857  2  1881.000000  0.132040  -1.000000  1699.000000  0.306762  1.000000 
 0.003505  2  1881.000000  0.132040  1.000000  488.000000  0.264078  -1.000000 
 -0.007715  2  1881.000000  0.132040  1.000000  488.000000  0.264078  1.000000 
 -0.002326  2  1453.000000  0.148815  1.000000  610.000000  0.136761  -1.000000 
 0.004708  2  1453.000000  0.148815  1.000000  610.000000  0.136761  1.000000 
 0.006121  2  1453.000000  0.148815  -1.000000  1163.000000  0.000003  -1.000000 
 -0.003252  2  1453.000000  0.148815  -1.000000  1163.000000  0.000003  1.000000 
 -0.003908  2  3.000000  0.053386  -1.000000  20.000000  0.000678  -1.000000 
 0.004304  2  3.000000  0.053386  -1.000000  20.000000  0.000678  1.000000 
 -0.004014  2  3.000000  0.053386  1.000000  1877.000000  0.157224  -1.000000 
 0.003234  2  3.000000  0.053386  1.000000  1877.000000  0.157224  1.000000 
 -0.005775  2  875.000000  0.081822  1.000000  852.000000  0.050169  -1.000000 
 0.003407  2  875.000000  0.081822  1.000000  852.000000  0.050169  1.000000 
 -0.004295  2  875.000000  0.081822  -1.000000  152.000000  -2.761355  -1.000000 
 0.003371  2  875.000000  0.081822  -1.000000  152.000000  -2.761355  1.000000 
 -0.002796  2  1014.000000  0.070462  -1.000000  1522.000000  0.015669  -1.000000 
 0.003144  2  1014.000000  0.070462  -1.000000  1522.000000  0.015669  1.000000 
 0.004946  2  1014.000000  0.070462  1.000000  1209.000000  0.044898  -1.000000 
 -0.003719  2  1014.000000  0.070462  1.000000  1209.000000  0.044898  1.000000 
 0.002847  1  572.000000  0.158953  1.000000 
 0.002826  2  572.000000  0.158953  -1.000000  23.000000  0.004279  1.000000 
 0.003878  3  572.000000  0.158953  -1.000000  23.000000  0.004279  -1.000000  839.000000  0.000002  -1.000000 
 -0.005011  3  572.000000  0.158953  -1.000000  23.000000  0.004279  -1.000000  839.000000  0.000002  1.000000 
 -0.003980  2  1181.000000  0.128056  -1.000000  1706.000000  0.307789  -1.000000 
 0.006416  2  1181.000000  0.128056  -1.000000  1706.000000  0.307789  1.000000 
 0.003498  2  1181.000000  0.128056  1.000000  1903.000000  0.125639  -1.000000 
 -0.002603  2  1181.000000  0.128056  1.000000  1903.000000  0.125639  1.000000 
 -0.002668  1  1550.000000  0.130921  1.000000 
 -0.004393  2  1550.000000  0.130921  -1.000000  227.000000  0.444676  1.000000 
 -0.002266  3  1550.000000  0.130921  -1.000000  227.000000  0.444676  -1.000000  592.000000  0.045686  -1.000000 
 0.004623  3  1550.000000  0.130921  -1.000000  227.000000  0.444676  -1.000000  592.000000  0.045686  1.000000 
 -0.003869  2  9.000000  1.058955  -1.000000  187.000000  -0.472749  -1.000000 
 0.003843  2  9.000000  1.058955  -1.000000  187.000000  -0.472749  1.000000 
 -0.003425  2  9.000000  1.058955  1.000000  814.000000  0.256811  -1.000000 
 0.003623  2  9.000000  1.058955  1.000000  814.000000  0.256811  1.000000 
 -0.002208  2  1734.000000  0.150840  1.000000  1567.000000  0.096219  -1.000000 
 0.003846  2  1734.000000  0.150840  1.000000  1567.000000  0.096219  1.000000 
 0.003329  2  1734.000000  0.150840  -1.000000  921.000000  0.015917  -1.000000 
 -0.004274  2  1734.000000  0.150840  -1.000000  921.000000  0.015917  1.000000 
 -0.005072  2  101.000000  0.489212  -1.000000  84.000000  0.420350  -1.000000 
 0.003518  2  101.000000  0.489212  -1.000000  84.000000  0.420350  1.000000 
 -0.003049  2  101.000000  0.489212  1.000000  602.000000  0.270442  -1.000000 
 0.004627  2  101.000000  0.489212  1.000000  602.000000  0.270442  1.000000 
 -0.009872  2  1123.000000  0.102803  -1.000000  4.000000  0.021071  -1.000000 
 0.002740  2  1123.000000  0.102803  -1.000000  4.000000  0.021071  1.000000 
 -0.003926  2  1123.000000  0.102803  1.000000  688.000000  0.142811  -1.000000 
 0.004048  2  1123.000000  0.102803  1.000000  688.000000  0.142811  1.000000 
 -0.004559  1  1710.000000  0.110084  1.000000 
 -0.004280  2  1710.000000  0.110084  -1.000000  1801.000000  0.195966  1.000000 
 0.003406  3  1710.000000  0.110084  -1.000000  1801.000000  0.195966  -1.000000  625.000000  0.225398  -1.000000 
 -0.004956  3  1710.000000  0.110084  -1.000000  1801.000000  0.195966  -1.000000  625.000000  0.225398  1.000000 
 0.002908  1  1622.000000  0.135118  1.000000 
 0.004680  2  1622.000000  0.135118  -1.000000  1328.000000  0.005989  -1.000000 
 -0.004139  3  1622.000000  0.135118  -1.000000  1328.000000  0.005989  1.000000  523.000000  0.166943  -1.000000 
 0.005478  3  1622.000000  0.135118  -1.000000  1328.000000  0.005989  1.000000  523.000000  0.166943  1.000000 
 -0.003354  2  128.000000  0.020214  -1.000000  1663.000000  0.210020  -1.000000 
 0.002946  2  128.000000  0.020214  -1.000000  1663.000000  0.210020  1.000000 
 0.004424  2  128.000000  0.020214  1.000000  41.000000  -0.000490  -1.000000 
 -0.006998  2  128.000000  0.020214  1.000000  41.000000  -0.000490  1.000000 
 -0.002838  2  675.000000  0.205547  1.000000  389.000000  0.042158  -1.000000 
 0.004558  2  675.000000  0.205547  1.000000  389.000000  0.042158  1.000000 
 0.002384  2  675.000000  0.205547  -1.000000  754.000000  0.041212  -1.000000 
 -0.003820  2  675.000000  0.205547  -1.000000  754.000000  0.041212  1.000000 
 0.003561  2  1310.000000  0.089950  -1.000000  668.000000  0.121952  -1.000000 
 -0.004065  2  1310.000000  0.089950  -1.000000  668.000000  0.121952  1.000000 
 -0.004043  2  1310.000000  0.089950  1.000000  1393.000000  0.174360  -1.000000 
 0.003715  2  1310.000000  0.089950  1.000000  1393.000000  0.174360  1.000000 
 -0.004055  2  1708.000000  0.147544  1.000000  927.000000  0.089604  -1.000000 
 0.003454  2  1708.000000  0.147544  1.000000  927.000000  0.089604  1.000000 
 -0.003164  2  1708.000000  0.147544  -1.000000  29.000000  0.000594  -1.000000 
 0.006290  2  1708.000000  0.147544  -1.000000  29.000000  0.000594  1.000000 
 -0.003075  2  1827.000000  0.178478  -1.000000  510.000000  0.193868  -1.000000 
 0.004983  2  1827.000000  0.178478  -1.000000  510.000000  0.193868  1.000000 
 0.003223  2  1827.000000  0.178478  1.000000  1327.000000  0.183936  -1.000000 
 -0.003963  2  1827.000000  0.178478  1.000000  1327.000000  0.183936  1.000000 
 -0.002964  2  1147.000000  0.136800  -1.000000  25.000000  0.004331  -1.000000 
 0.002993  2  1147.000000  0.136800  -1.000000  25.000000  0.004331  1.000000 
 0.004335  2  1147.000000  0.136800  1.000000  1184.000000  0.230306  -1.000000 
 -0.010571  2  1147.000000  0.136800  1.000000  1184.000000  0.230306  1.000000 
 0.004859  2  285.000000  0.088086  1.000000  1705.000000  0.032641  -1.000000 
 -0.002990  2  285.000000  0.088086  1.000000  1705.000000  0.032641  1.000000 
 0.004763  2  285.000000  0.088086  -1.000000  1894.000000  0.077432  -1.000000 
 -0.002670  2  285.000000  0.088086  -1.000000  1894.000000  0.077432  1.000000 
 0.004427  1  1883.000000  0.151343  1.000000 
 0.002960  2  1883.000000  0.151343  -1.000000  295.000000  0.175093  1.000000 
 -0.003430  3  1883.000000  0.151343  -1.000000  295.000000  0.175093  -1.000000  1837.000000  0.256186  -1.000000 
 0.007038  3  1883.000000  0.151343  -1.000000  295.000000  0.175093  -1.000000  1837.000000  0.256186  1.000000 
 -0.005367  2  666.000000  0.153382  1.000000  553.000000  0.067563  -1.000000 
 0.003952  2  666.000000  0.153382  1.000000  553.000000  0.067563  1.000000 
 -0.002856  2  666.000000  0.153382  -1.000000  1517.000000  0.322505  -1.000000 
 0.003855  2  666.000000  0.153382  -1.000000  1517.000000  0.322505  1.000000 
 0.003325  2  1546.000000  0.077168  -1.000000  386.000000  0.192417  -1.000000 
 -0.004144  2  1546.000000  0.077168  -1.000000  386.000000  0.192417  1.000000 
 -0.003633  2  1546.000000  0.077168  1.000000  1280.000000  0.184268  -1.000000 
 0.003704  2  1546.000000  0.077168  1.000000  1280.000000  0.184268  1.000000 
 -0.002429  1  1270.000000  0.080528  -1.000000 
 0.004963  2  1270.000000  0.080528  1.000000  362.000000  0.068919  1.000000 
 -0.004227  3  1270.000000  0.080528  1.000000  362.000000  0.068919  -1.000000  1770.000000  0.224440  -1.000000 
 0.008415  3  1270.000000  0.080528  1.000000  362.000000  0.068919  -1.000000  1770.000000  0.224440  1.000000 
 -0.002695  1  292.000000  0.144373  1.000000 
 -0.003675  2  292.000000  0.144373  -1.000000  1836.000000  0.189535  1.000000 
 0.004004  3  292.000000  0.144373  -1.000000  1836.000000  0.189535  -1.000000  293.000000  0.202545  -1.000000 
 -0.005625  3  292.000000  0.144373  -1.000000  1836.000000  0.189535  -1.000000  293.000000  0.202545  1.000000 
 0.003133  1  573.000000  0.218942  1.000000 
 0.004711  2  573.000000  0.218942  -1.000000  1136.000000  0.017723  -1.000000 
 -0.004349  3  573.000000  0.218942  -1.000000  1136.000000  0.017723  1.000000  1507.000000  0.189141  -1.000000 
 0.002569  3  573.000000  0.218942  -1.000000  1136.000000  0.017723  1.000000  1507.000000  0.189141  1.000000 
 0.002774  1  1138.000000  0.137743  1.000000 
 -0.003291  2  1138.000000  0.137743  -1.000000  990.000000  0.070464  1.000000 
 0.005135  3  1138.000000  0.137743  -1.000000  990.000000  0.070464  -1.000000  1089.000000  0.109175  -1.000000 
 -0.005255  3  1138.000000  0.137743  -1.000000  990.000000  0.070464  -1.000000  1089.000000  0.109175  1.000000 
 -0.004676  2  344.000000  0.069598  -1.000000  1075.000000  0.132596  -1.000000 
 0.002740  2  344.000000  0.069598  -1.000000  1075.000000  0.132596  1.000000 
 0.004634  2  344.000000  0.069598  1.000000  1830.000000  0.110598  -1.000000 
 -0.002214  2  344.000000  0.069598  1.000000  1830.000000  0.110598  1.000000 
 0.002687  1  1847.000000  0.145184  1.000000 
 -0.002940  2  1847.000000  0.145184  -1.000000  607.000000  0.021711  1.000000 
 0.005364  3  1847.000000  0.145184  -1.000000  607.000000  0.021711  -1.000000  1146.000000  0.205392  -1.000000 
 -0.012028  3  1847.000000  0.145184  -1.000000  607.000000  0.021711  -1.000000  1146.000000  0.205392  1.000000 
 0.003672  2  1352.000000  0.116128  1.000000  1102.000000  0.236567  -1.000000 
 -0.002934  2  1352.000000  0.116128  1.000000  1102.000000  0.236567  1.000000 
 -0.003012  2  1352.000000  0.116128  -1.000000  451.000000  0.205587  -1.000000 
 0.005633  2  1352.000000  0.116128  -1.000000  451.000000  0.205587  1.000000 
 -0.002840  2  467.000000  0.191836  -1.000000  751.000000  0.214277  -1.000000 
 0.006295  2  467.000000  0.191836  -1.000000  751.000000  0.214277  1.000000 
 0.004194  2  467.000000  0.191836  1.000000  1239.000000  0.168965  -1.000000 
 -0.004223  2  467.000000  0.191836  1.000000  1239.000000  0.168965  1.000000 
 0.004032  2  1087.000000  0.063815  -1.000000  1519.000000  0.097736  -1.000000 
 -0.002253  2  1087.000000  0.063815  -1.000000  1519.000000  0.097736  1.000000 
 -0.003156  2  1087.000000  0.063815  1.000000  127.000000  0.408194  -1.000000 
 0.006101  2  1087.000000  0.063815  1.000000  127.000000  0.408194  1.000000 
 -0.002497  2  1472.000000  0.110465  1.000000  1082.000000  0.104165  -1.000000 
 0.004379  2  1472.000000  0.110465  1.000000  1082.000000  0.104165  1.000000 
 0.005111  2  1472.000000  0.110465  -1.000000  284.000000  0.030446  -1.000000 
 -0.003794  2  1472.000000  0.110465  -1.000000  284.000000  0.030446  1.000000 
 -0.003818  1  127.000000  0.028556  -1.000000 
 -0.009369  2  127.000000  0.028556  1.000000  4.000000  0.023981  -1.000000 
 0.003735  3  127.000000  0.028556  1.000000  4.000000  0.023981  1.000000  863.000000  0.145362  -1.000000 
 -0.002285  3  127.000000  0.028556  1.000000  4.000000  0.023981  1.000000  863.000000  0.145362  1.000000 
 0.003297  2  1720.000000  0.073575  -1.000000  87.000000  0.591761  -1.000000 
 -0.005585  2  1720.000000  0.073575  -1.000000  87.000000  0.591761  1.000000 
 -0.004172  2  1720.000000  0.073575  1.000000  1636.000000  0.262265  -1.000000 
 0.005396  2  1720.000000  0.073575  1.000000  1636.000000  0.262265  1.000000 
 -0.003755  2  820.000000  0.055833  1.000000  1099.000000  0.158797  -1.000000 
 0.004141  2  820.000000  0.055833  1.000000  1099.000000  0.158797  1.000000 
 -0.004100  2  820.000000  0.055833  -1.000000  1558.000000  0.029320  -1.000000 
 0.003689  2  820.000000  0.055833  -1.000000  1558.000000  0.029320  1.000000 
 -0.003252  1  233.000000  0.099609  1.000000 
 -0.003223  2  233.000000  0.099609  -1.000000  982.000000  0.258829  1.000000 
 0.004203  3  233.000000  0.099609  -1.000000  982.000000  0.258829  -1.000000  183.000000  0.307757  -1.000000 
 -0.003748  3  233.000000  0.099609  -1.000000  982.000000  0.258829  -1.000000  183.000000  0.307757  1.000000 
 0.002949  2  387.000000  0.094533  -1.000000  1373.000000  0.017516  -1.000000 
 -0.003711  2  387.000000  0.094533  -1.000000  1373.000000  0.017516  1.000000 
 0.003341  2  387.000000  0.094533  1.000000  36.000000  -0.000345  -1.000000 
 -0.004324  2  387.000000  0.094533  1.000000  36.000000  -0.000345  1.000000 
 0.003634  2  1877.000000  0.063024  1.000000  1004.000000  0.135209  -1.000000 
 -0.003086  2  1877.000000  0.063024  1.000000  1004.000000  0.135209  1.000000 
 -0.004934  2  1877.000000  0.063024  -1.000000  120.000000  0.488720  -1.000000 
 0.002459  2  1877.000000  0.063024  -1.000000  120.000000  0.488720  1.000000 
 -0.002578  1  163.000000  0.213610  1.000000 
 0.003813  2  163.000000  0.213610  -1.000000  169.000000  -0.153340  1.000000 
 0.008315  3  163.000000  0.213610  -1.000000  169.000000  -0.153340  -1.000000  1813.000000  0.021994  -1.000000 
 -0.004151  3  163.000000  0.213610  -1.000000  169.000000  -0.153340  -1.000000  1813.000000  0.021994  1.000000 
 -0.003796  2  341.000000  0.085380  -1.000000  528.000000  0.029924  -1.000000 
 0.004186  2  341.000000  0.085380  -1.000000  528.000000  0.029924  1.000000 
 0.003208  2  341.000000  0.085380  1.000000  1667.000000  0.058501  -1.000000 
 -0.004830  2  341.000000  0.085380  1.000000  1667.000000  0.058501  1.000000 
 0.004281  2  776.000000  0.111499  -1.000000  57.000000  -0.015839  -1.000000 
 -0.003216  2  776.000000  0.111499  -1.000000  57.000000  -0.015839  1.000000 
 -0.005898  2  776.000000  0.111499  1.000000  383.000000  0.041709  -1.000000 
 0.004573  2  776.000000  0.111499  1.000000  383.000000  0.041709  1.000000 
 -0.004474  2  65.000000  0.017535  -1.000000  1424.000000  0.143019  -1.000000 
 0.002639  2  65.000000  0.017535  -1.000000  1424.000000  0.143019  1.000000 
 -0.004588  2  65.000000  0.017535  1.000000  1365.000000  0.000000  -1.000000 
 0.003827  2  65.000000  0.017535  1.000000  1365.000000  0.000000  1.000000 
 0.003101  2  327.000000  0.101619  -1.000000  1297.000000  0.228031  -1.000000 
 -0.006978  2  327.000000  0.101619  -1.000000  1297.000000  0.228031  1.000000 
 -0.004022  2  327.000000  0.101619  1.000000  948.000000  0.180355  -1.000000 
 0.003089  2  327.000000  0.101619  1.000000  948.000000  0.180355  1.000000 
 0.002983  1  646.000000  0.231391  1.000000 
 0.005786  2  646.000000  0.231391  -1.000000  1099.000000  0.000000  -1.000000 
 -0.004003  3  646.000000  0.231391  -1.000000  1099.000000  0.000000  1.000000  521.000000  0.165826  -1.000000 
 0.003266  3  646.000000  0.231391  -1.000000  1099.000000  0.000000  1.000000  521.000000  0.165826  1.000000 
 -0.002975  1  1628.000000  0.144182  -1.000000 
 0.004740  2  1628.000000  0.144182  1.000000  1557.000000  0.148751  -1.000000 
 0.004163  3  1628.000000  0.144182  1.000000  1557.000000  0.148751  1.000000  736.000000  0.031335  -1.000000 
 -0.004477  3  1628.000000  0.144182  1.000000  1557.000000  0.148751  1.000000  736.000000  0.031335  1.000000 
 0.003639  1  1739.000000  0.128046  1.000000 
 0.002657  2  1739.000000  0.128046  -1.000000  42.000000  0.004103  1.000000 
 -0.004072  3  1739.000000  0.128046  -1.000000  42.000000  0.004103  -1.000000  1788.000000  0.239643  -1.000000 
 0.008597  3  1739.000000  0.128046  -1.000000  42.000000  0.004103  -1.000000  1788.000000  0.239643  1.000000 
 0.002935  2  902.000000  0.108588  -1.000000  1411.000000  0.044532  -1.000000 
 -0.003412  2  902.000000  0.108588  -1.000000  1411.000000  0.044532  1.000000 
 0.004013  2  902.000000  0.108588  1.000000  329.000000  0.192804  -1.000000 
 -0.003812  2  902.000000  0.108588  1.000000  329.000000  0.192804  1.000000 
