 240
  -0.007921  1  43.000000  -0.020461  -1.000000 
 -0.006568  2  43.000000  -0.020461  1.000000  119.000000  0.000802  -1.000000 
 -0.010322  3  43.000000  -0.020461  1.000000  119.000000  0.000802  1.000000  502.000000  -0.000057  -1.000000 
 0.007511  3  43.000000  -0.020461  1.000000  119.000000  0.000802  1.000000  502.000000  -0.000057  1.000000 
 -0.005963  2  122.000000  0.455919  -1.000000  43.000000  -0.003443  -1.000000 
 0.007239  2  122.000000  0.455919  -1.000000  43.000000  -0.003443  1.000000 
 -0.002377  2  122.000000  0.455919  1.000000  204.000000  -0.484541  -1.000000 
 0.006167  2  122.000000  0.455919  1.000000  204.000000  -0.484541  1.000000 
 -0.004644  2  44.000000  -0.001213  -1.000000  3.000000  0.074557  -1.000000 
 0.005380  2  44.000000  -0.001213  -1.000000  3.000000  0.074557  1.000000 
 0.004448  2  44.000000  -0.001213  1.000000  86.000000  0.686619  -1.000000 
 -0.004099  2  44.000000  -0.001213  1.000000  86.000000  0.686619  1.000000 
 0.003269  2  774.000000  0.051845  1.000000  57.000000  0.128157  -1.000000 
 -0.004885  2  774.000000  0.051845  1.000000  57.000000  0.128157  1.000000 
 0.006456  2  774.000000  0.051845  -1.000000  1084.000000  0.000009  -1.000000 
 -0.003313  2  774.000000  0.051845  -1.000000  1084.000000  0.000009  1.000000 
 0.002780  1  68.000000  0.010077  1.000000 
 -0.004740  2  68.000000  0.010077  -1.000000  42.000000  0.001843  1.000000 
 0.005667  3  68.000000  0.010077  -1.000000  42.000000  0.001843  -1.000000  1015.000000  0.183405  -1.000000 
 -0.008453  3  68.000000  0.010077  -1.000000  42.000000  0.001843  -1.000000  1015.000000  0.183405  1.000000 
 0.004260  2  128.000000  0.002894  1.000000  152.000000  -2.698950  -1.000000 
 -0.004232  2  128.000000  0.002894  1.000000  152.000000  -2.698950  1.000000 
 0.004947  2  128.000000  0.002894  -1.000000  1231.000000  0.003870  -1.000000 
 -0.004041  2  128.000000  0.002894  -1.000000  1231.000000  0.003870  1.000000 
 0.004522  2  43.000000  -0.006469  1.000000  133.000000  0.023772  -1.000000 
 -0.002564  2  43.000000  -0.006469  1.000000  133.000000  0.023772  1.000000 
 -0.004648  2  43.000000  -0.006469  -1.000000  911.000000  0.131170  -1.000000 
 0.001851  2  43.000000  -0.006469  -1.000000  911.000000  0.131170  1.000000 
 0.002985  1  1179.000000  0.125680  1.000000 
 0.006460  2  1179.000000  0.125680  -1.000000  1642.000000  0.001982  -1.000000 
 0.003747  3  1179.000000  0.125680  -1.000000  1642.000000  0.001982  1.000000  201.000000  -0.057228  -1.000000 
 -0.004156  3  1179.000000  0.125680  -1.000000  1642.000000  0.001982  1.000000  201.000000  -0.057228  1.000000 
 0.004265  2  694.000000  0.148705  1.000000  108.000000  0.538128  -1.000000 
 -0.003272  2  694.000000  0.148705  1.000000  108.000000  0.538128  1.000000 
 -0.004108  2  694.000000  0.148705  -1.000000  198.000000  0.238046  -1.000000 
 0.002450  2  694.000000  0.148705  -1.000000  198.000000  0.238046  1.000000 
 -0.004449  2  193.000000  0.039314  1.000000  3.000000  0.056545  -1.000000 
 0.004774  2  193.000000  0.039314  1.000000  3.000000  0.056545  1.000000 
 -0.002338  2  193.000000  0.039314  -1.000000  138.000000  0.003260  -1.000000 
 0.003636  2  193.000000  0.039314  -1.000000  138.000000  0.003260  1.000000 
 0.006678  1  127.000000  0.297150  1.000000 
 0.003372  2  127.000000  0.297150  -1.000000  379.000000  0.119515  1.000000 
 0.004451  3  127.000000  0.297150  -1.000000  379.000000  0.119515  -1.000000  9.000000  0.969183  -1.000000 
 -0.003068  3  127.000000  0.297150  -1.000000  379.000000  0.119515  -1.000000  9.000000  0.969183  1.000000 
 -0.002860  2  40.000000  -0.007339  1.000000  1612.000000  0.023699  -1.000000 
 0.003677  2  40.000000  -0.007339  1.000000  1612.000000  0.023699  1.000000 
 -0.004216  2  40.000000  -0.007339  -1.000000  1320.000000  0.119649  -1.000000 
 0.004298  2  40.000000  -0.007339  -1.000000  1320.000000  0.119649  1.000000 
 -0.004296  2  584.000000  0.092039  1.000000  1688.000000  0.161550  -1.000000 
 0.003510  2  584.000000  0.092039  1.000000  1688.000000  0.161550  1.000000 
 0.003687  2  584.000000  0.092039  -1.000000  1533.000000  0.154209  -1.000000 
 -0.003447  2  584.000000  0.092039  -1.000000  1533.000000  0.154209  1.000000 
 0.003824  2  595.000000  0.036936  1.000000  1212.000000  0.126958  -1.000000 
 -0.003646  2  595.000000  0.036936  1.000000  1212.000000  0.126958  1.000000 
 0.003784  2  595.000000  0.036936  -1.000000  1695.000000  0.000016  -1.000000 
 -0.003852  2  595.000000  0.036936  -1.000000  1695.000000  0.000016  1.000000 
 -0.003693  2  519.000000  0.074635  1.000000  767.000000  0.048883  -1.000000 
 0.003178  2  519.000000  0.074635  1.000000  767.000000  0.048883  1.000000 
 0.004579  2  519.000000  0.074635  -1.000000  854.000000  0.025694  -1.000000 
 -0.003799  2  519.000000  0.074635  -1.000000  854.000000  0.025694  1.000000 
 0.004350  2  87.000000  0.471828  1.000000  98.000000  0.515487  -1.000000 
 -0.003329  2  87.000000  0.471828  1.000000  98.000000  0.515487  1.000000 
 -0.003256  2  87.000000  0.471828  -1.000000  64.000000  0.038305  -1.000000 
 0.007446  2  87.000000  0.471828  -1.000000  64.000000  0.038305  1.000000 
 -0.002502  1  1585.000000  0.059492  -1.000000 
 0.004307  2  1585.000000  0.059492  1.000000  1517.000000  0.122290  1.000000 
 0.007221  3  1585.000000  0.059492  1.000000  1517.000000  0.122290  -1.000000  1241.000000  0.001107  -1.000000 
 -0.004590  3  1585.000000  0.059492  1.000000  1517.000000  0.122290  -1.000000  1241.000000  0.001107  1.000000 
 0.002388  1  816.000000  0.090626  1.000000 
 0.005189  2  816.000000  0.090626  -1.000000  1381.000000  0.009298  -1.000000 
 -0.004154  3  816.000000  0.090626  -1.000000  1381.000000  0.009298  1.000000  970.000000  0.191267  -1.000000 
 0.008961  3  816.000000  0.090626  -1.000000  1381.000000  0.009298  1.000000  970.000000  0.191267  1.000000 
 -0.003345  2  194.000000  -0.042513  -1.000000  760.000000  0.152881  -1.000000 
 0.005030  2  194.000000  -0.042513  -1.000000  760.000000  0.152881  1.000000 
 -0.002984  2  194.000000  -0.042513  1.000000  164.000000  -0.103230  -1.000000 
 0.003402  2  194.000000  -0.042513  1.000000  164.000000  -0.103230  1.000000 
 0.003163  2  44.000000  -0.001699  1.000000  1605.000000  0.227855  -1.000000 
 -0.005486  2  44.000000  -0.001699  1.000000  1605.000000  0.227855  1.000000 
 -0.004161  2  44.000000  -0.001699  -1.000000  817.000000  0.142272  -1.000000 
 0.003171  2  44.000000  -0.001699  -1.000000  817.000000  0.142272  1.000000 
 -0.002624  1  1611.000000  0.050829  -1.000000 
 0.003687  2  1611.000000  0.050829  1.000000  1687.000000  0.068781  1.000000 
 0.005299  3  1611.000000  0.050829  1.000000  1687.000000  0.068781  -1.000000  502.000000  0.050211  -1.000000 
 -0.004338  3  1611.000000  0.050829  1.000000  1687.000000  0.068781  -1.000000  502.000000  0.050211  1.000000 
 -0.003244  2  1529.000000  0.095702  1.000000  190.000000  0.372749  -1.000000 
 0.009314  2  1529.000000  0.095702  1.000000  190.000000  0.372749  1.000000 
 0.003047  2  1529.000000  0.095702  -1.000000  1263.000000  0.455539  -1.000000 
 -0.002550  2  1529.000000  0.095702  -1.000000  1263.000000  0.455539  1.000000 
 -0.004146  2  893.000000  0.119834  -1.000000  54.000000  -0.018083  -1.000000 
 0.003362  2  893.000000  0.119834  -1.000000  54.000000  -0.018083  1.000000 
 -0.004640  2  893.000000  0.119834  1.000000  529.000000  0.131889  -1.000000 
 0.004551  2  893.000000  0.119834  1.000000  529.000000  0.131889  1.000000 
 0.004335  2  153.000000  2.320160  1.000000  1762.000000  0.019113  -1.000000 
 -0.003882  2  153.000000  2.320160  1.000000  1762.000000  0.019113  1.000000 
 0.004393  2  153.000000  2.320160  -1.000000  152.000000  -2.686600  -1.000000 
 -0.002433  2  153.000000  2.320160  -1.000000  152.000000  -2.686600  1.000000 
 -0.003327  1  753.000000  0.028145  -1.000000 
 -0.002988  2  753.000000  0.028145  1.000000  34.000000  -0.011018  -1.000000 
 -0.003195  3  753.000000  0.028145  1.000000  34.000000  -0.011018  1.000000  927.000000  0.052699  -1.000000 
 0.004734  3  753.000000  0.028145  1.000000  34.000000  -0.011018  1.000000  927.000000  0.052699  1.000000 
 -0.003736  2  163.000000  0.056072  -1.000000  1537.000000  0.088755  -1.000000 
 0.002348  2  163.000000  0.056072  -1.000000  1537.000000  0.088755  1.000000 
 0.004479  2  163.000000  0.056072  1.000000  1678.000000  0.120276  -1.000000 
 -0.002850  2  163.000000  0.056072  1.000000  1678.000000  0.120276  1.000000 
 -0.003106  1  145.000000  63.277200  1.000000 
 0.004953  2  145.000000  63.277200  -1.000000  202.000000  -4.553355  -1.000000 
 -0.003539  3  145.000000  63.277200  -1.000000  202.000000  -4.553355  1.000000  62.000000  0.013514  -1.000000 
 0.005181  3  145.000000  63.277200  -1.000000  202.000000  -4.553355  1.000000  62.000000  0.013514  1.000000 
 -0.003515  2  1223.000000  0.036503  1.000000  1515.000000  0.161089  -1.000000 
 0.003784  2  1223.000000  0.036503  1.000000  1515.000000  0.161089  1.000000 
 0.004796  2  1223.000000  0.036503  -1.000000  30.000000  0.000562  -1.000000 
 -0.004198  2  1223.000000  0.036503  -1.000000  30.000000  0.000562  1.000000 
 0.003439  2  999.000000  0.040677  1.000000  592.000000  0.216222  -1.000000 
 -0.002710  2  999.000000  0.040677  1.000000  592.000000  0.216222  1.000000 
 0.007354  2  999.000000  0.040677  -1.000000  1253.000000  0.008776  -1.000000 
 -0.004091  2  999.000000  0.040677  -1.000000  1253.000000  0.008776  1.000000 
 -0.002988  1  29.000000  -0.002260  -1.000000 
 -0.005336  2  29.000000  -0.002260  1.000000  227.000000  -0.333502  -1.000000 
 -0.002402  3  29.000000  -0.002260  1.000000  227.000000  -0.333502  1.000000  1255.000000  0.019112  -1.000000 
 0.004150  3  29.000000  -0.002260  1.000000  227.000000  -0.333502  1.000000  1255.000000  0.019112  1.000000 
 0.003218  2  1453.000000  0.148971  -1.000000  305.000000  0.022939  -1.000000 
 -0.003453  2  1453.000000  0.148971  -1.000000  305.000000  0.022939  1.000000 
 0.004224  2  1453.000000  0.148971  1.000000  844.000000  0.144900  -1.000000 
 -0.002757  2  1453.000000  0.148971  1.000000  844.000000  0.144900  1.000000 
 0.002904  1  1486.000000  0.071907  1.000000 
 0.003305  2  1486.000000  0.071907  -1.000000  1728.000000  0.000001  -1.000000 
 -0.004470  3  1486.000000  0.071907  -1.000000  1728.000000  0.000001  1.000000  1587.000000  0.138197  -1.000000 
 0.004956  3  1486.000000  0.071907  -1.000000  1728.000000  0.000001  1.000000  1587.000000  0.138197  1.000000 
 -0.005945  2  507.000000  0.101380  1.000000  246.000000  -0.143819  -1.000000 
 0.003682  2  507.000000  0.101380  1.000000  246.000000  -0.143819  1.000000 
 -0.003212  2  507.000000  0.101380  -1.000000  127.000000  0.262958  -1.000000 
 0.004402  2  507.000000  0.101380  -1.000000  127.000000  0.262958  1.000000 
 -0.002228  2  1592.000000  0.242366  -1.000000  1180.000000  0.072329  -1.000000 
 0.003219  2  1592.000000  0.242366  -1.000000  1180.000000  0.072329  1.000000 
 0.005901  2  1592.000000  0.242366  1.000000  156.000000  -0.642027  -1.000000 
 -0.005763  2  1592.000000  0.242366  1.000000  156.000000  -0.642027  1.000000 
 -0.004044  2  68.000000  0.010077  -1.000000  595.000000  0.092667  -1.000000 
 0.003549  2  68.000000  0.010077  -1.000000  595.000000  0.092667  1.000000 
 -0.003817  2  68.000000  0.010077  1.000000  133.000000  0.003979  -1.000000 
 0.003328  2  68.000000  0.010077  1.000000  133.000000  0.003979  1.000000 
 0.002704  2  1531.000000  0.095764  -1.000000  196.000000  -0.692175  -1.000000 
 -0.003907  2  1531.000000  0.095764  -1.000000  196.000000  -0.692175  1.000000 
 0.004133  2  1531.000000  0.095764  1.000000  554.000000  0.360904  -1.000000 
 -0.003545  2  1531.000000  0.095764  1.000000  554.000000  0.360904  1.000000 
 0.002879  2  1047.000000  0.147095  -1.000000  990.000000  0.219819  -1.000000 
 -0.002535  2  1047.000000  0.147095  -1.000000  990.000000  0.219819  1.000000 
 -0.003998  2  1047.000000  0.147095  1.000000  609.000000  0.270612  -1.000000 
 0.007125  2  1047.000000  0.147095  1.000000  609.000000  0.270612  1.000000 
 -0.004429  2  1110.000000  0.097874  -1.000000  43.000000  -0.004379  -1.000000 
 0.002710  2  1110.000000  0.097874  -1.000000  43.000000  -0.004379  1.000000 
 -0.002630  2  1110.000000  0.097874  1.000000  1033.000000  0.024497  -1.000000 
 0.004380  2  1110.000000  0.097874  1.000000  1033.000000  0.024497  1.000000 
 0.004168  2  1157.000000  0.079231  -1.000000  124.000000  0.483766  -1.000000 
 -0.005558  2  1157.000000  0.079231  -1.000000  124.000000  0.483766  1.000000 
 -0.003175  2  1157.000000  0.079231  1.000000  1412.000000  0.183888  -1.000000 
 0.002569  2  1157.000000  0.079231  1.000000  1412.000000  0.183888  1.000000 
 0.003016  2  1611.000000  0.050829  1.000000  751.000000  0.177926  -1.000000 
 -0.003929  2  1611.000000  0.050829  1.000000  751.000000  0.177926  1.000000 
 0.004933  2  1611.000000  0.050829  -1.000000  1361.000000  0.009733  -1.000000 
 -0.003568  2  1611.000000  0.050829  -1.000000  1361.000000  0.009733  1.000000 
 -0.002738  1  1103.000000  0.078779  -1.000000 
 -0.007745  2  1103.000000  0.078779  1.000000  1196.000000  0.252435  1.000000 
 0.004162  3  1103.000000  0.078779  1.000000  1196.000000  0.252435  -1.000000  809.000000  0.194624  -1.000000 
 -0.005538  3  1103.000000  0.078779  1.000000  1196.000000  0.252435  -1.000000  809.000000  0.194624  1.000000 
 -0.002723  1  589.000000  0.170671  1.000000 
 -0.004896  2  589.000000  0.170671  -1.000000  683.000000  0.261244  1.000000 
 0.003524  3  589.000000  0.170671  -1.000000  683.000000  0.261244  -1.000000  927.000000  0.652003  -1.000000 
 -0.007664  3  589.000000  0.170671  -1.000000  683.000000  0.261244  -1.000000  927.000000  0.652003  1.000000 
 0.004736  2  441.000000  0.196424  -1.000000  1479.000000  0.011383  -1.000000 
 -0.003323  2  441.000000  0.196424  -1.000000  1479.000000  0.011383  1.000000 
 -0.004067  2  441.000000  0.196424  1.000000  861.000000  0.035248  -1.000000 
 0.003327  2  441.000000  0.196424  1.000000  861.000000  0.035248  1.000000 
 -0.002631  1  550.000000  0.135201  1.000000 
 0.003378  2  550.000000  0.135201  -1.000000  463.000000  0.038893  1.000000 
 0.004660  3  550.000000  0.135201  -1.000000  463.000000  0.038893  -1.000000  835.000000  0.000060  -1.000000 
 -0.004874  3  550.000000  0.135201  -1.000000  463.000000  0.038893  -1.000000  835.000000  0.000060  1.000000 
 -0.002738  2  570.000000  0.062299  -1.000000  546.000000  0.208392  -1.000000 
 0.006160  2  570.000000  0.062299  -1.000000  546.000000  0.208392  1.000000 
 0.004094  2  570.000000  0.062299  1.000000  324.000000  0.160910  -1.000000 
 -0.002437  2  570.000000  0.062299  1.000000  324.000000  0.160910  1.000000 
 -0.003641  2  67.000000  0.018952  -1.000000  3.000000  0.056564  -1.000000 
 0.003553  2  67.000000  0.018952  -1.000000  3.000000  0.056564  1.000000 
 0.003910  2  67.000000  0.018952  1.000000  1394.000000  0.192852  -1.000000 
 -0.003163  2  67.000000  0.018952  1.000000  1394.000000  0.192852  1.000000 
 0.002612  1  204.000000  -0.135443  1.000000 
 0.004244  2  204.000000  -0.135443  -1.000000  829.000000  0.138375  1.000000 
 0.004032  3  204.000000  -0.135443  -1.000000  829.000000  0.138375  -1.000000  1078.000000  0.000001  -1.000000 
 -0.004047  3  204.000000  -0.135443  -1.000000  829.000000  0.138375  -1.000000  1078.000000  0.000001  1.000000 
 -0.003549  2  40.000000  -0.006053  -1.000000  127.000000  0.297424  -1.000000 
 0.004599  2  40.000000  -0.006053  -1.000000  127.000000  0.297424  1.000000 
 0.003735  2  40.000000  -0.006053  1.000000  1449.000000  0.137119  -1.000000 
 -0.002813  2  40.000000  -0.006053  1.000000  1449.000000  0.137119  1.000000 
 0.003047  2  1413.000000  0.068377  1.000000  152.000000  -2.636445  -1.000000 
 -0.003038  2  1413.000000  0.068377  1.000000  152.000000  -2.636445  1.000000 
 0.005697  2  1413.000000  0.068377  -1.000000  1642.000000  0.001982  -1.000000 
 -0.004212  2  1413.000000  0.068377  -1.000000  1642.000000  0.001982  1.000000 
 0.003198  2  1739.000000  0.036403  1.000000  1212.000000  0.162734  -1.000000 
 -0.004012  2  1739.000000  0.036403  1.000000  1212.000000  0.162734  1.000000 
 -0.003895  2  1739.000000  0.036403  -1.000000  428.000000  0.095560  -1.000000 
 0.003925  2  1739.000000  0.036403  -1.000000  428.000000  0.095560  1.000000 
 -0.006296  2  66.000000  0.010455  1.000000  266.000000  -5.232565  -1.000000 
 0.003850  2  66.000000  0.010455  1.000000  266.000000  -5.232565  1.000000 
 0.003231  2  66.000000  0.010455  -1.000000  42.000000  0.001186  -1.000000 
 -0.004249  2  66.000000  0.010455  -1.000000  42.000000  0.001186  1.000000 
 0.002590  1  1011.000000  0.128367  -1.000000 
 0.007394  2  1011.000000  0.128367  1.000000  947.000000  0.247486  1.000000 
 -0.004568  3  1011.000000  0.128367  1.000000  947.000000  0.247486  -1.000000  1561.000000  0.132391  -1.000000 
 0.003569  3  1011.000000  0.128367  1.000000  947.000000  0.247486  -1.000000  1561.000000  0.132391  1.000000 
 -0.007787  2  44.000000  -0.001038  1.000000  133.000000  0.001369  -1.000000 
 0.003949  2  44.000000  -0.001038  1.000000  133.000000  0.001369  1.000000 
 -0.004635  2  44.000000  -0.001038  -1.000000  1297.000000  0.115511  -1.000000 
 0.001947  2  44.000000  -0.001038  -1.000000  1297.000000  0.115511  1.000000 
 -0.002965  2  1131.000000  0.084085  1.000000  1404.000000  0.061629  -1.000000 
 0.003614  2  1131.000000  0.084085  1.000000  1404.000000  0.061629  1.000000 
 -0.003657  2  1131.000000  0.084085  -1.000000  1452.000000  0.200672  -1.000000 
 0.003886  2  1131.000000  0.084085  -1.000000  1452.000000  0.200672  1.000000 
 0.002769  1  620.000000  0.073506  -1.000000 
 0.006388  2  620.000000  0.073506  1.000000  631.000000  0.153805  1.000000 
 -0.004446  3  620.000000  0.073506  1.000000  631.000000  0.153805  -1.000000  675.000000  0.381060  -1.000000 
 0.006304  3  620.000000  0.073506  1.000000  631.000000  0.153805  -1.000000  675.000000  0.381060  1.000000 
 0.008483  2  714.000000  0.042809  -1.000000  1253.000000  0.008740  -1.000000 
 -0.003598  2  714.000000  0.042809  -1.000000  1253.000000  0.008740  1.000000 
 0.003547  2  714.000000  0.042809  1.000000  821.000000  0.129500  -1.000000 
 -0.003050  2  714.000000  0.042809  1.000000  821.000000  0.129500  1.000000 
 -0.003513  2  68.000000  0.008853  1.000000  171.000000  -0.219047  -1.000000 
 0.004057  2  68.000000  0.008853  1.000000  171.000000  -0.219047  1.000000 
 0.006976  2  68.000000  0.008853  -1.000000  265.000000  -0.036256  -1.000000 
 -0.003499  2  68.000000  0.008853  -1.000000  265.000000  -0.036256  1.000000 
 -0.002983  2  128.000000  0.001364  1.000000  963.000000  0.058033  -1.000000 
 0.004359  2  128.000000  0.001364  1.000000  963.000000  0.058033  1.000000 
 -0.004345  2  128.000000  0.001364  -1.000000  1687.000000  0.163219  -1.000000 
 0.003906  2  128.000000  0.001364  -1.000000  1687.000000  0.163219  1.000000 
 -0.003231  2  1381.000000  0.045303  1.000000  1447.000000  0.157203  -1.000000 
 0.002494  2  1381.000000  0.045303  1.000000  1447.000000  0.157203  1.000000 
 0.005420  2  1381.000000  0.045303  -1.000000  581.000000  0.243508  -1.000000 
 -0.002910  2  1381.000000  0.045303  -1.000000  581.000000  0.243508  1.000000 
 0.002408  1  136.000000  0.005693  1.000000 
 0.005799  2  136.000000  0.005693  -1.000000  225.000000  -4.511570  -1.000000 
 0.003428  3  136.000000  0.005693  -1.000000  225.000000  -4.511570  1.000000  1459.000000  0.010140  -1.000000 
 -0.003993  3  136.000000  0.005693  -1.000000  225.000000  -4.511570  1.000000  1459.000000  0.010140  1.000000 
