 400
  0.010973  1  3299.000000  0.938136  1.000000 
 0.010689  2  3299.000000  0.938136  -1.000000  658.000000  0.890572  1.000000 
 -0.002734  3  3299.000000  0.938136  -1.000000  658.000000  0.890572  -1.000000  1073.000000  0.918067  -1.000000 
 0.010689  3  3299.000000  0.938136  -1.000000  658.000000  0.890572  -1.000000  1073.000000  0.918067  1.000000 
 -0.014393  1  118.000000  0.075809  -1.000000 
 0.000964  2  118.000000  0.075809  1.000000  39.000000  -0.003097  -1.000000 
 -0.006688  3  118.000000  0.075809  1.000000  39.000000  -0.003097  1.000000  3047.000000  0.828076  -1.000000 
 0.002734  3  118.000000  0.075809  1.000000  39.000000  -0.003097  1.000000  3047.000000  0.828076  1.000000 
 0.000566  1  43.000000  -0.005950  -1.000000 
 0.001256  2  43.000000  -0.005950  1.000000  37.000000  -0.008297  -1.000000 
 -0.000956  3  43.000000  -0.005950  1.000000  37.000000  -0.008297  1.000000  3622.000000  0.434871  -1.000000 
 0.001035  3  43.000000  -0.005950  1.000000  37.000000  -0.008297  1.000000  3622.000000  0.434871  1.000000 
 -0.000762  2  3753.000000  0.194180  -1.000000  1274.000000  0.259852  -1.000000 
 0.000425  2  3753.000000  0.194180  -1.000000  1274.000000  0.259852  1.000000 
 0.000868  2  3753.000000  0.194180  1.000000  1420.000000  0.118957  -1.000000 
 -0.013615  2  3753.000000  0.194180  1.000000  1420.000000  0.118957  1.000000 
 0.001118  2  956.000000  0.163443  1.000000  3292.000000  0.068177  -1.000000 
 -0.000949  2  956.000000  0.163443  1.000000  3292.000000  0.068177  1.000000 
 0.000902  2  956.000000  0.163443  -1.000000  1532.000000  -0.000001  -1.000000 
 -0.000757  2  956.000000  0.163443  -1.000000  1532.000000  -0.000001  1.000000 
 -0.000760  1  2475.000000  0.111325  -1.000000 
 -0.001032  2  2475.000000  0.111325  1.000000  1455.000000  0.159224  1.000000 
 0.000831  3  2475.000000  0.111325  1.000000  1455.000000  0.159224  -1.000000  826.000000  0.113295  -1.000000 
 -0.002256  3  2475.000000  0.111325  1.000000  1455.000000  0.159224  -1.000000  826.000000  0.113295  1.000000 
 0.000624  2  562.000000  0.059153  1.000000  3179.000000  0.106415  -1.000000 
 -0.013783  2  562.000000  0.059153  1.000000  3179.000000  0.106415  1.000000 
 -0.001364  2  562.000000  0.059153  -1.000000  1547.000000  0.363863  -1.000000 
 0.000970  2  562.000000  0.059153  -1.000000  1547.000000  0.363863  1.000000 
 -0.000775  1  114.000000  0.457746  -1.000000 
 -0.000925  2  114.000000  0.457746  1.000000  2237.000000  0.089756  1.000000 
 -0.001239  3  114.000000  0.457746  1.000000  2237.000000  0.089756  -1.000000  2101.000000  0.051611  -1.000000 
 0.000717  3  114.000000  0.457746  1.000000  2237.000000  0.089756  -1.000000  2101.000000  0.051611  1.000000 
 -0.000605  1  2223.000000  0.066105  1.000000 
 -0.013737  2  2223.000000  0.066105  -1.000000  2019.000000  0.012986  -1.000000 
 0.000822  3  2223.000000  0.066105  -1.000000  2019.000000  0.012986  1.000000  1537.000000  0.157953  -1.000000 
 -0.013417  3  2223.000000  0.066105  -1.000000  2019.000000  0.012986  1.000000  1537.000000  0.157953  1.000000 
 0.000848  1  84.000000  0.468591  -1.000000 
 0.000680  2  84.000000  0.468591  1.000000  1029.000000  0.244595  1.000000 
 -0.000937  3  84.000000  0.468591  1.000000  1029.000000  0.244595  -1.000000  2112.000000  0.296500  -1.000000 
 0.000549  3  84.000000  0.468591  1.000000  1029.000000  0.244595  -1.000000  2112.000000  0.296500  1.000000 
 -0.013702  2  2921.000000  0.020056  -1.000000  460.000000  0.016488  -1.000000 
 0.000789  2  2921.000000  0.020056  -1.000000  460.000000  0.016488  1.000000 
 -0.001032  2  2921.000000  0.020056  1.000000  2651.000000  0.400712  -1.000000 
 0.000585  2  2921.000000  0.020056  1.000000  2651.000000  0.400712  1.000000 
 -0.000933  2  3807.000000  -0.125013  1.000000  942.000000  0.261753  -1.000000 
 0.000585  2  3807.000000  -0.125013  1.000000  942.000000  0.261753  1.000000 
 0.000806  2  3807.000000  -0.125013  -1.000000  156.000000  4.678780  -1.000000 
 -0.013651  2  3807.000000  -0.125013  -1.000000  156.000000  4.678780  1.000000 
 -0.013670  2  840.000000  0.074942  -1.000000  2926.000000  0.000852  -1.000000 
 0.000719  2  840.000000  0.074942  -1.000000  2926.000000  0.000852  1.000000 
 -0.001158  2  840.000000  0.074942  1.000000  2396.000000  0.184362  -1.000000 
 0.000602  2  840.000000  0.074942  1.000000  2396.000000  0.184362  1.000000 
 -0.000732  2  803.000000  0.010284  1.000000  3286.000000  0.261672  -1.000000 
 0.000510  2  803.000000  0.010284  1.000000  3286.000000  0.261672  1.000000 
 0.001190  2  803.000000  0.010284  -1.000000  93.000000  0.458580  -1.000000 
 -0.013475  2  803.000000  0.010284  -1.000000  93.000000  0.458580  1.000000 
 -0.000788  1  1218.000000  0.126798  1.000000 
 -0.000581  2  1218.000000  0.126798  -1.000000  3194.000000  0.081119  1.000000 
 0.000874  3  1218.000000  0.126798  -1.000000  3194.000000  0.081119  -1.000000  2617.000000  0.210307  -1.000000 
 -0.013479  3  1218.000000  0.126798  -1.000000  3194.000000  0.081119  -1.000000  2617.000000  0.210307  1.000000 
 -0.000737  2  3822.000000  -0.004710  -1.000000  2502.000000  0.095643  -1.000000 
 0.000967  2  3822.000000  -0.004710  -1.000000  2502.000000  0.095643  1.000000 
 -0.000849  2  3822.000000  -0.004710  1.000000  2515.000000  0.351160  -1.000000 
 0.001244  2  3822.000000  -0.004710  1.000000  2515.000000  0.351160  1.000000 
 -0.000751  2  3070.000000  0.065551  1.000000  802.000000  0.480428  -1.000000 
 0.001500  2  3070.000000  0.065551  1.000000  802.000000  0.480428  1.000000 
 0.001045  2  3070.000000  0.065551  -1.000000  3719.000000  0.060968  -1.000000 
 -0.001298  2  3070.000000  0.065551  -1.000000  3719.000000  0.060968  1.000000 
 0.000702  1  1867.000000  0.126757  1.000000 
 0.001049  2  1867.000000  0.126757  -1.000000  2764.000000  0.322916  1.000000 
 -0.001139  3  1867.000000  0.126757  -1.000000  2764.000000  0.322916  -1.000000  1821.000000  0.313364  -1.000000 
 0.001358  3  1867.000000  0.126757  -1.000000  2764.000000  0.322916  -1.000000  1821.000000  0.313364  1.000000 
 -0.000808  2  701.000000  0.155588  1.000000  2239.000000  0.107873  -1.000000 
 0.000892  2  701.000000  0.155588  1.000000  2239.000000  0.107873  1.000000 
 -0.000937  2  701.000000  0.155588  -1.000000  2933.000000  0.460518  -1.000000 
 0.001704  2  701.000000  0.155588  -1.000000  2933.000000  0.460518  1.000000 
 0.000873  2  945.000000  0.056026  -1.000000  3000.000000  0.160902  -1.000000 
 -0.000739  2  945.000000  0.056026  -1.000000  3000.000000  0.160902  1.000000 
 -0.000953  2  945.000000  0.056026  1.000000  648.000000  0.245075  -1.000000 
 0.000893  2  945.000000  0.056026  1.000000  648.000000  0.245075  1.000000 
 -0.000743  2  37.000000  -0.006158  1.000000  14.000000  0.005504  -1.000000 
 0.000963  2  37.000000  -0.006158  1.000000  14.000000  0.005504  1.000000 
 0.001619  2  37.000000  -0.006158  -1.000000  1707.000000  0.113205  -1.000000 
 -0.001354  2  37.000000  -0.006158  -1.000000  1707.000000  0.113205  1.000000 
 0.001179  2  2473.000000  0.177088  1.000000  688.000000  0.057795  -1.000000 
 -0.001870  2  2473.000000  0.177088  1.000000  688.000000  0.057795  1.000000 
 0.001684  2  2473.000000  0.177088  -1.000000  3492.000000  -0.000003  -1.000000 
 -0.000683  2  2473.000000  0.177088  -1.000000  3492.000000  -0.000003  1.000000 
 -0.000821  1  2901.000000  0.033895  1.000000 
 -0.000806  2  2901.000000  0.033895  -1.000000  1641.000000  0.013698  -1.000000 
 0.001062  3  2901.000000  0.033895  -1.000000  1641.000000  0.013698  1.000000  33.000000  0.000041  -1.000000 
 -0.013323  3  2901.000000  0.033895  -1.000000  1641.000000  0.013698  1.000000  33.000000  0.000041  1.000000 
 0.000707  2  2680.000000  0.026605  -1.000000  182.000000  0.082233  -1.000000 
 -0.013679  2  2680.000000  0.026605  -1.000000  182.000000  0.082233  1.000000 
 0.001573  2  2680.000000  0.026605  1.000000  669.000000  -0.000001  -1.000000 
 -0.000983  2  2680.000000  0.026605  1.000000  669.000000  -0.000001  1.000000 
 -0.000715  2  398.000000  0.111781  -1.000000  560.000000  0.208359  -1.000000 
 0.000730  2  398.000000  0.111781  -1.000000  560.000000  0.208359  1.000000 
 0.001055  2  398.000000  0.111781  1.000000  3758.000000  0.120381  -1.000000 
 -0.001939  2  398.000000  0.111781  1.000000  3758.000000  0.120381  1.000000 
 0.000542  1  3394.000000  0.014475  -1.000000 
 0.001103  2  3394.000000  0.014475  1.000000  137.000000  0.036548  1.000000 
 -0.001220  3  3394.000000  0.014475  1.000000  137.000000  0.036548  -1.000000  109.000000  0.518383  -1.000000 
 0.000902  3  3394.000000  0.014475  1.000000  137.000000  0.036548  -1.000000  109.000000  0.518383  1.000000 
 -0.000996  2  608.000000  0.088209  -1.000000  98.000000  0.505058  -1.000000 
 0.001058  2  608.000000  0.088209  -1.000000  98.000000  0.505058  1.000000 
 0.001038  2  608.000000  0.088209  1.000000  818.000000  0.057423  -1.000000 
 -0.000400  2  608.000000  0.088209  1.000000  818.000000  0.057423  1.000000 
 -0.013738  2  2327.000000  0.134790  1.000000  1114.000000  0.018663  -1.000000 
 0.000880  2  2327.000000  0.134790  1.000000  1114.000000  0.018663  1.000000 
 -0.000930  2  2327.000000  0.134790  -1.000000  919.000000  0.255313  -1.000000 
 0.000573  2  2327.000000  0.134790  -1.000000  919.000000  0.255313  1.000000 
 -0.001126  1  2658.000000  0.084246  1.000000 
 -0.000736  2  2658.000000  0.084246  -1.000000  317.000000  0.000528  -1.000000 
 0.000726  3  2658.000000  0.084246  -1.000000  317.000000  0.000528  1.000000  598.000000  0.154982  -1.000000 
 -0.013470  3  2658.000000  0.084246  -1.000000  317.000000  0.000528  1.000000  598.000000  0.154982  1.000000 
 -0.000717  2  383.000000  0.116672  -1.000000  622.000000  0.233236  -1.000000 
 0.000647  2  383.000000  0.116672  -1.000000  622.000000  0.233236  1.000000 
 0.001065  2  383.000000  0.116672  1.000000  3187.000000  0.053629  -1.000000 
 -0.013547  2  383.000000  0.116672  1.000000  3187.000000  0.053629  1.000000 
 -0.000916  2  2921.000000  0.012298  1.000000  1535.000000  0.266773  -1.000000 
 0.000892  2  2921.000000  0.012298  1.000000  1535.000000  0.266773  1.000000 
 0.000822  2  2921.000000  0.012298  -1.000000  3677.000000  0.097885  -1.000000 
 -0.000958  2  2921.000000  0.012298  -1.000000  3677.000000  0.097885  1.000000 
 -0.000996  1  1218.000000  0.126798  1.000000 
 -0.013786  2  1218.000000  0.126798  -1.000000  185.000000  -0.078591  -1.000000 
 0.000872  3  1218.000000  0.126798  -1.000000  185.000000  -0.078591  1.000000  1471.000000  0.205997  -1.000000 
 -0.001107  3  1218.000000  0.126798  -1.000000  185.000000  -0.078591  1.000000  1471.000000  0.205997  1.000000 
 0.000808  2  2087.000000  0.095175  -1.000000  2782.000000  0.182540  -1.000000 
 -0.000912  2  2087.000000  0.095175  -1.000000  2782.000000  0.182540  1.000000 
 -0.001268  2  2087.000000  0.095175  1.000000  1666.000000  0.247418  -1.000000 
 0.001366  2  2087.000000  0.095175  1.000000  1666.000000  0.247418  1.000000 
 -0.000900  2  2437.000000  0.183269  -1.000000  855.000000  0.140377  -1.000000 
 0.000411  2  2437.000000  0.183269  -1.000000  855.000000  0.140377  1.000000 
 0.001087  2  2437.000000  0.183269  1.000000  3034.000000  0.135188  -1.000000 
 -0.013553  2  2437.000000  0.183269  1.000000  3034.000000  0.135188  1.000000 
 0.000871  2  3420.000000  0.068920  -1.000000  2484.000000  0.136182  -1.000000 
 -0.013703  2  3420.000000  0.068920  -1.000000  2484.000000  0.136182  1.000000 
 -0.000954  2  3420.000000  0.068920  1.000000  955.000000  0.297288  -1.000000 
 0.001328  2  3420.000000  0.068920  1.000000  955.000000  0.297288  1.000000 
 0.000966  2  1922.000000  0.044539  -1.000000  1051.000000  0.096013  -1.000000 
 -0.001234  2  1922.000000  0.044539  -1.000000  1051.000000  0.096013  1.000000 
 -0.000958  2  1922.000000  0.044539  1.000000  3586.000000  0.334796  -1.000000 
 0.001326  2  1922.000000  0.044539  1.000000  3586.000000  0.334796  1.000000 
 0.001249  2  683.000000  0.143574  1.000000  707.000000  0.050121  -1.000000 
 -0.001188  2  683.000000  0.143574  1.000000  707.000000  0.050121  1.000000 
 -0.000927  2  683.000000  0.143574  -1.000000  2129.000000  0.311314  -1.000000 
 0.001048  2  683.000000  0.143574  -1.000000  2129.000000  0.311314  1.000000 
 -0.013845  2  1324.000000  0.116118  1.000000  2636.000000  0.000338  -1.000000 
 0.001026  2  1324.000000  0.116118  1.000000  2636.000000  0.000338  1.000000 
 -0.000987  2  1324.000000  0.116118  -1.000000  3223.000000  0.201016  -1.000000 
 0.000906  2  1324.000000  0.116118  -1.000000  3223.000000  0.201016  1.000000 
 0.001203  2  41.000000  -0.005012  -1.000000  3339.000000  0.057512  -1.000000 
 -0.000869  2  41.000000  -0.005012  -1.000000  3339.000000  0.057512  1.000000 
 -0.000948  2  41.000000  -0.005012  1.000000  2184.000000  0.285895  -1.000000 
 0.000927  2  41.000000  -0.005012  1.000000  2184.000000  0.285895  1.000000 
 -0.000837  2  747.000000  0.123309  -1.000000  3808.000000  -0.101292  -1.000000 
 0.001038  2  747.000000  0.123309  -1.000000  3808.000000  -0.101292  1.000000 
 -0.013559  2  747.000000  0.123309  1.000000  203.000000  0.408543  -1.000000 
 0.001259  2  747.000000  0.123309  1.000000  203.000000  0.408543  1.000000 
 -0.000998  2  3821.000000  -0.004215  1.000000  1831.000000  0.265493  -1.000000 
 0.001866  2  3821.000000  -0.004215  1.000000  1831.000000  0.265493  1.000000 
 -0.000785  2  3821.000000  -0.004215  -1.000000  600.000000  0.021019  -1.000000 
 0.001164  2  3821.000000  -0.004215  -1.000000  600.000000  0.021019  1.000000 
 -0.000752  2  43.000000  -0.006219  1.000000  2945.000000  0.392852  -1.000000 
 0.000711  2  43.000000  -0.006219  1.000000  2945.000000  0.392852  1.000000 
 0.001431  2  43.000000  -0.006219  -1.000000  2037.000000  0.082402  -1.000000 
 -0.013577  2  43.000000  -0.006219  -1.000000  2037.000000  0.082402  1.000000 
 -0.001007  2  2951.000000  0.000057  1.000000  3753.000000  0.193937  -1.000000 
 0.000630  2  2951.000000  0.000057  1.000000  3753.000000  0.193937  1.000000 
 0.001196  2  2951.000000  0.000057  -1.000000  2643.000000  0.086491  -1.000000 
 -0.013588  2  2951.000000  0.000057  -1.000000  2643.000000  0.086491  1.000000 
 -0.000922  1  1861.000000  0.072856  1.000000 
 -0.000607  2  1861.000000  0.072856  -1.000000  1339.000000  0.047004  -1.000000 
 0.001330  3  1861.000000  0.072856  -1.000000  1339.000000  0.047004  1.000000  2086.000000  0.152678  -1.000000 
 -0.013358  3  1861.000000  0.072856  -1.000000  1339.000000  0.047004  1.000000  2086.000000  0.152678  1.000000 
 0.001054  2  222.000000  -31.496900  -1.000000  1882.000000  0.153022  -1.000000 
 -0.000905  2  222.000000  -31.496900  -1.000000  1882.000000  0.153022  1.000000 
 0.001394  2  222.000000  -31.496900  1.000000  803.000000  -0.000001  -1.000000 
 -0.000978  2  222.000000  -31.496900  1.000000  803.000000  -0.000001  1.000000 
 -0.001201  2  37.000000  -0.005979  1.000000  1822.000000  0.207310  -1.000000 
 0.000874  2  37.000000  -0.005979  1.000000  1822.000000  0.207310  1.000000 
 0.001123  2  37.000000  -0.005979  -1.000000  3822.000000  -0.003827  -1.000000 
 -0.001470  2  37.000000  -0.005979  -1.000000  3822.000000  -0.003827  1.000000 
 -0.000981  1  2646.000000  0.065915  1.000000 
 -0.000728  2  2646.000000  0.065915  -1.000000  1641.000000  0.005375  -1.000000 
 0.001197  3  2646.000000  0.065915  -1.000000  1641.000000  0.005375  1.000000  3536.000000  0.161087  -1.000000 
 -0.013314  3  2646.000000  0.065915  -1.000000  1641.000000  0.005375  1.000000  3536.000000  0.161087  1.000000 
 -0.013617  2  343.000000  0.073690  1.000000  114.000000  0.457742  -1.000000 
 0.001071  2  343.000000  0.073690  1.000000  114.000000  0.457742  1.000000 
 -0.001158  2  343.000000  0.073690  -1.000000  2052.000000  0.164923  -1.000000 
 0.000819  2  343.000000  0.073690  -1.000000  2052.000000  0.164923  1.000000 
 0.000955  1  1767.000000  0.183275  1.000000 
 -0.001058  2  1767.000000  0.183275  -1.000000  773.000000  0.103350  -1.000000 
 0.001915  3  1767.000000  0.183275  -1.000000  773.000000  0.103350  1.000000  2723.000000  0.081037  -1.000000 
 -0.001466  3  1767.000000  0.183275  -1.000000  773.000000  0.103350  1.000000  2723.000000  0.081037  1.000000 
 -0.001377  1  2892.000000  0.069270  1.000000 
 -0.002038  2  2892.000000  0.069270  -1.000000  673.000000  0.015620  -1.000000 
 0.001400  3  2892.000000  0.069270  -1.000000  673.000000  0.015620  1.000000  927.000000  0.250100  -1.000000 
 -0.001085  3  2892.000000  0.069270  -1.000000  673.000000  0.015620  1.000000  927.000000  0.250100  1.000000 
 0.000992  2  2705.000000  0.020295  -1.000000  140.000000  0.013228  -1.000000 
 -0.001264  2  2705.000000  0.020295  -1.000000  140.000000  0.013228  1.000000 
 0.000689  2  2705.000000  0.020295  1.000000  596.000000  0.000006  -1.000000 
 -0.002254  2  2705.000000  0.020295  1.000000  596.000000  0.000006  1.000000 
 -0.000858  2  3237.000000  0.139381  -1.000000  1840.000000  0.172496  -1.000000 
 0.000601  2  3237.000000  0.139381  -1.000000  1840.000000  0.172496  1.000000 
 0.002007  2  3237.000000  0.139381  1.000000  3061.000000  0.146270  -1.000000 
 -0.001441  2  3237.000000  0.139381  1.000000  3061.000000  0.146270  1.000000 
 0.001639  1  37.000000  -0.008297  -1.000000 
 0.000778  2  37.000000  -0.008297  1.000000  747.000000  0.234692  1.000000 
 -0.001284  3  37.000000  -0.008297  1.000000  747.000000  0.234692  -1.000000  23.000000  0.007125  -1.000000 
 0.000979  3  37.000000  -0.008297  1.000000  747.000000  0.234692  -1.000000  23.000000  0.007125  1.000000 
 -0.001299  1  2362.000000  0.035910  -1.000000 
 -0.000729  2  2362.000000  0.035910  1.000000  1218.000000  0.126798  1.000000 
 0.001237  3  2362.000000  0.035910  1.000000  1218.000000  0.126798  -1.000000  790.000000  0.109636  -1.000000 
 -0.000941  3  2362.000000  0.035910  1.000000  1218.000000  0.126798  -1.000000  790.000000  0.109636  1.000000 
 0.001234  1  2763.000000  0.295326  1.000000 
 0.000767  2  2763.000000  0.295326  -1.000000  3300.000000  0.165040  1.000000 
 -0.001148  3  2763.000000  0.295326  -1.000000  3300.000000  0.165040  -1.000000  1913.000000  0.210195  -1.000000 
 0.000958  3  2763.000000  0.295326  -1.000000  3300.000000  0.165040  -1.000000  1913.000000  0.210195  1.000000 
 -0.000827  2  1074.000000  0.052114  1.000000  2286.000000  0.272257  -1.000000 
 0.001092  2  1074.000000  0.052114  1.000000  2286.000000  0.272257  1.000000 
 0.001018  2  1074.000000  0.052114  -1.000000  1277.000000  0.135846  -1.000000 
 -0.013474  2  1074.000000  0.052114  -1.000000  1277.000000  0.135846  1.000000 
 0.000992  2  20.000000  0.003801  1.000000  3471.000000  0.317765  -1.000000 
 -0.001554  2  20.000000  0.003801  1.000000  3471.000000  0.317765  1.000000 
 0.001701  2  20.000000  0.003801  -1.000000  43.000000  -0.007036  -1.000000 
 -0.000925  2  20.000000  0.003801  -1.000000  43.000000  -0.007036  1.000000 
 -0.013609  2  956.000000  0.067337  1.000000  250.000000  -0.094829  -1.000000 
 0.000936  2  956.000000  0.067337  1.000000  250.000000  -0.094829  1.000000 
 -0.001463  2  956.000000  0.067337  -1.000000  2308.000000  0.179589  -1.000000 
 0.000640  2  956.000000  0.067337  -1.000000  2308.000000  0.179589  1.000000 
 -0.000758  2  3570.000000  0.080061  1.000000  539.000000  0.051060  -1.000000 
 0.001079  2  3570.000000  0.080061  1.000000  539.000000  0.051060  1.000000 
 0.001234  2  3570.000000  0.080061  -1.000000  408.000000  -0.000000  -1.000000 
 -0.001357  2  3570.000000  0.080061  -1.000000  408.000000  -0.000000  1.000000 
 -0.000842  2  2156.000000  0.113370  -1.000000  2301.000000  0.040736  -1.000000 
 0.000791  2  2156.000000  0.113370  -1.000000  2301.000000  0.040736  1.000000 
 -0.001228  2  2156.000000  0.113370  1.000000  2701.000000  0.407784  -1.000000 
 0.002449  2  2156.000000  0.113370  1.000000  2701.000000  0.407784  1.000000 
 0.000868  2  3821.000000  -0.004422  1.000000  1074.000000  0.000000  -1.000000 
 -0.001052  2  3821.000000  -0.004422  1.000000  1074.000000  0.000000  1.000000 
 0.001337  2  3821.000000  -0.004422  -1.000000  3572.000000  0.131369  -1.000000 
 -0.013604  2  3821.000000  -0.004422  -1.000000  3572.000000  0.131369  1.000000 
 0.001048  2  2335.000000  0.104528  1.000000  1221.000000  0.159498  -1.000000 
 -0.013604  2  2335.000000  0.104528  1.000000  1221.000000  0.159498  1.000000 
 -0.001106  2  2335.000000  0.104528  -1.000000  3780.000000  0.247784  -1.000000 
 0.000950  2  2335.000000  0.104528  -1.000000  3780.000000  0.247784  1.000000 
 0.001500  2  2396.000000  0.000014  -1.000000  2937.000000  0.033450  -1.000000 
 -0.001305  2  2396.000000  0.000014  -1.000000  2937.000000  0.033450  1.000000 
 -0.001269  2  2396.000000  0.000014  1.000000  3782.000000  0.251163  -1.000000 
 0.000759  2  2396.000000  0.000014  1.000000  3782.000000  0.251163  1.000000 
 0.000774  2  3286.000000  0.145068  -1.000000  37.000000  -0.008399  -1.000000 
 -0.001025  2  3286.000000  0.145068  -1.000000  37.000000  -0.008399  1.000000 
 -0.000898  2  3286.000000  0.145068  1.000000  2128.000000  0.058626  -1.000000 
 0.001594  2  3286.000000  0.145068  1.000000  2128.000000  0.058626  1.000000 
 0.000960  2  328.000000  0.081229  1.000000  2240.000000  0.188304  -1.000000 
 -0.002077  2  328.000000  0.081229  1.000000  2240.000000  0.188304  1.000000 
 -0.001237  2  328.000000  0.081229  -1.000000  1403.000000  0.345560  -1.000000 
 0.000963  2  328.000000  0.081229  -1.000000  1403.000000  0.345560  1.000000 
 0.000994  2  1076.000000  0.085478  -1.000000  43.000000  -0.003725  -1.000000 
 -0.000552  2  1076.000000  0.085478  -1.000000  43.000000  -0.003725  1.000000 
 -0.001172  2  1076.000000  0.085478  1.000000  2136.000000  0.200714  -1.000000 
 0.000723  2  1076.000000  0.085478  1.000000  2136.000000  0.200714  1.000000 
 0.000965  2  53.000000  0.014936  1.000000  3383.000000  0.188001  -1.000000 
 -0.000673  2  53.000000  0.014936  1.000000  3383.000000  0.188001  1.000000 
 -0.000922  2  53.000000  0.014936  -1.000000  2362.000000  0.268790  -1.000000 
 0.001664  2  53.000000  0.014936  -1.000000  2362.000000  0.268790  1.000000 
 0.000821  1  2437.000000  0.217008  1.000000 
 0.001214  2  2437.000000  0.217008  -1.000000  2781.000000  0.268319  1.000000 
 0.000439  3  2437.000000  0.217008  -1.000000  2781.000000  0.268319  -1.000000  43.000000  -0.006432  -1.000000 
 -0.001295  3  2437.000000  0.217008  -1.000000  2781.000000  0.268319  -1.000000  43.000000  -0.006432  1.000000 
 -0.013666  2  3797.000000  -0.121082  -1.000000  824.000000  0.048175  -1.000000 
 0.000760  2  3797.000000  -0.121082  -1.000000  824.000000  0.048175  1.000000 
 -0.001549  2  3797.000000  -0.121082  1.000000  3546.000000  0.361704  -1.000000 
 0.001880  2  3797.000000  -0.121082  1.000000  3546.000000  0.361704  1.000000 
 0.000852  2  1040.000000  0.058854  1.000000  93.000000  0.422596  -1.000000 
 -0.001081  2  1040.000000  0.058854  1.000000  93.000000  0.422596  1.000000 
 -0.001156  2  1040.000000  0.058854  -1.000000  1879.000000  0.031533  -1.000000 
 0.001211  2  1040.000000  0.058854  -1.000000  1879.000000  0.031533  1.000000 
 -0.000723  1  1503.000000  0.046548  -1.000000 
 -0.001871  2  1503.000000  0.046548  1.000000  1734.000000  0.196315  1.000000 
 0.001223  3  1503.000000  0.046548  1.000000  1734.000000  0.196315  -1.000000  2385.000000  0.115811  -1.000000 
 -0.013489  3  1503.000000  0.046548  1.000000  1734.000000  0.196315  -1.000000  2385.000000  0.115811  1.000000 
 0.000866  2  3062.000000  0.068659  -1.000000  2174.000000  0.093921  -1.000000 
 -0.001078  2  3062.000000  0.068659  -1.000000  2174.000000  0.093921  1.000000 
 -0.002079  2  3062.000000  0.068659  1.000000  2327.000000  0.135978  -1.000000 
 0.000348  2  3062.000000  0.068659  1.000000  2327.000000  0.135978  1.000000 
 -0.000725  2  1126.000000  0.133366  -1.000000  309.000000  0.193897  -1.000000 
 0.001135  2  1126.000000  0.133366  -1.000000  309.000000  0.193897  1.000000 
 -0.000726  2  1126.000000  0.133366  1.000000  2897.000000  0.001518  -1.000000 
 0.001236  2  1126.000000  0.133366  1.000000  2897.000000  0.001518  1.000000 
 0.000782  2  768.000000  0.132750  -1.000000  40.000000  -0.007984  -1.000000 
 -0.000865  2  768.000000  0.132750  -1.000000  40.000000  -0.007984  1.000000 
 0.001154  2  768.000000  0.132750  1.000000  2643.000000  0.016657  -1.000000 
 -0.001194  2  768.000000  0.132750  1.000000  2643.000000  0.016657  1.000000 
 -0.001039  1  3797.000000  -0.121082  1.000000 
 -0.000795  2  3797.000000  -0.121082  -1.000000  2154.000000  0.093819  1.000000 
 0.001157  3  3797.000000  -0.121082  -1.000000  2154.000000  0.093819  -1.000000  1880.000000  0.174543  -1.000000 
 -0.013525  3  3797.000000  -0.121082  -1.000000  2154.000000  0.093819  -1.000000  1880.000000  0.174543  1.000000 
 -0.013701  2  3071.000000  0.118610  1.000000  2036.000000  0.025571  -1.000000 
 0.001016  2  3071.000000  0.118610  1.000000  2036.000000  0.025571  1.000000 
 -0.001268  2  3071.000000  0.118610  -1.000000  2252.000000  0.178841  -1.000000 
 0.000805  2  3071.000000  0.118610  -1.000000  2252.000000  0.178841  1.000000 
 -0.000997  2  43.000000  -0.007036  1.000000  535.000000  0.152720  -1.000000 
 0.000664  2  43.000000  -0.007036  1.000000  535.000000  0.152720  1.000000 
 0.001654  2  43.000000  -0.007036  -1.000000  126.000000  0.560964  -1.000000 
 -0.013426  2  43.000000  -0.007036  -1.000000  126.000000  0.560964  1.000000 
 0.001100  2  3322.000000  0.101764  -1.000000  2884.000000  0.002766  -1.000000 
 -0.001152  2  3322.000000  0.101764  -1.000000  2884.000000  0.002766  1.000000 
 0.001239  2  3322.000000  0.101764  1.000000  1158.000000  0.129105  -1.000000 
 -0.013620  2  3322.000000  0.101764  1.000000  1158.000000  0.129105  1.000000 
 0.001161  2  3827.000000  0.085500  1.000000  3613.000000  0.110187  -1.000000 
 -0.000989  2  3827.000000  0.085500  1.000000  3613.000000  0.110187  1.000000 
 -0.001298  2  3827.000000  0.085500  -1.000000  15.000000  0.005086  -1.000000 
 0.000825  2  3827.000000  0.085500  -1.000000  15.000000  0.005086  1.000000 
 -0.001608  1  2009.000000  0.025062  -1.000000 
 -0.000751  2  2009.000000  0.025062  1.000000  61.000000  0.004218  -1.000000 
 0.001054  3  2009.000000  0.025062  1.000000  61.000000  0.004218  1.000000  1752.000000  0.149039  -1.000000 
 -0.000708  3  2009.000000  0.025062  1.000000  61.000000  0.004218  1.000000  1752.000000  0.149039  1.000000 
 -0.001570  2  996.000000  0.063081  -1.000000  2129.000000  0.310038  -1.000000 
 0.000633  2  996.000000  0.063081  -1.000000  2129.000000  0.310038  1.000000 
 0.001204  2  996.000000  0.063081  1.000000  3280.000000  0.180442  -1.000000 
 -0.013487  2  996.000000  0.063081  1.000000  3280.000000  0.180442  1.000000 
 0.001189  2  23.000000  0.003041  1.000000  1218.000000  0.126876  -1.000000 
 -0.001526  2  23.000000  0.003041  1.000000  1218.000000  0.126876  1.000000 
 -0.001279  2  23.000000  0.003041  -1.000000  21.000000  0.007139  -1.000000 
 0.001757  2  23.000000  0.003041  -1.000000  21.000000  0.007139  1.000000 
 -0.001166  2  1074.000000  0.052114  1.000000  2217.000000  0.134800  -1.000000 
 0.000766  2  1074.000000  0.052114  1.000000  2217.000000  0.134800  1.000000 
 0.001290  2  1074.000000  0.052114  -1.000000  1143.000000  0.192304  -1.000000 
 -0.000829  2  1074.000000  0.052114  -1.000000  1143.000000  0.192304  1.000000 
 0.001099  2  3033.000000  0.047540  -1.000000  1174.000000  0.117551  -1.000000 
 -0.001429  2  3033.000000  0.047540  -1.000000  1174.000000  0.117551  1.000000 
 -0.001095  2  3033.000000  0.047540  1.000000  3564.000000  0.185770  -1.000000 
 0.000780  2  3033.000000  0.047540  1.000000  3564.000000  0.185770  1.000000 
 0.001313  2  328.000000  0.104460  1.000000  421.000000  0.101225  -1.000000 
 -0.000877  2  328.000000  0.104460  1.000000  421.000000  0.101225  1.000000 
 -0.001040  2  328.000000  0.104460  -1.000000  1850.000000  0.192339  -1.000000 
 0.000734  2  328.000000  0.104460  -1.000000  1850.000000  0.192339  1.000000 
 -0.001320  2  2447.000000  0.009677  1.000000  17.000000  0.003884  -1.000000 
 0.000611  2  2447.000000  0.009677  1.000000  17.000000  0.003884  1.000000 
 0.001294  2  2447.000000  0.009677  -1.000000  167.000000  0.036831  -1.000000 
 -0.001490  2  2447.000000  0.009677  -1.000000  167.000000  0.036831  1.000000 
 0.000809  2  133.000000  0.034580  -1.000000  67.000000  0.078010  -1.000000 
 -0.013765  2  133.000000  0.034580  -1.000000  67.000000  0.078010  1.000000 
 -0.001421  2  133.000000  0.034580  1.000000  3080.000000  0.495919  -1.000000 
 0.006353  2  133.000000  0.034580  1.000000  3080.000000  0.495919  1.000000 
 -0.003480  2  2047.000000  0.059888  1.000000  3579.000000  0.027497  -1.000000 
 0.000779  2  2047.000000  0.059888  1.000000  3579.000000  0.027497  1.000000 
 -0.001574  2  2047.000000  0.059888  -1.000000  3008.000000  0.391508  -1.000000 
 0.001785  2  2047.000000  0.059888  -1.000000  3008.000000  0.391508  1.000000 
 -0.001184  2  3202.000000  0.016297  1.000000  3825.000000  -0.003793  -1.000000 
 0.000965  2  3202.000000  0.016297  1.000000  3825.000000  -0.003793  1.000000 
 -0.001665  2  3202.000000  0.016297  -1.000000  3072.000000  0.227318  -1.000000 
 0.000980  2  3202.000000  0.016297  -1.000000  3072.000000  0.227318  1.000000 
 -0.001175  2  82.000000  0.521356  -1.000000  3519.000000  0.288507  -1.000000 
 0.001256  2  82.000000  0.521356  -1.000000  3519.000000  0.288507  1.000000 
 0.001061  2  82.000000  0.521356  1.000000  421.000000  0.095831  -1.000000 
 -0.000656  2  82.000000  0.521356  1.000000  421.000000  0.095831  1.000000 
 0.001002  2  343.000000  0.048719  1.000000  1374.000000  0.099052  -1.000000 
 -0.000910  2  343.000000  0.048719  1.000000  1374.000000  0.099052  1.000000 
 0.001090  2  343.000000  0.048719  -1.000000  3365.000000  -0.000002  -1.000000 
 -0.001901  2  343.000000  0.048719  -1.000000  3365.000000  -0.000002  1.000000 
 0.001065  2  2475.000000  0.112938  1.000000  173.000000  0.126551  -1.000000 
 -0.013657  2  2475.000000  0.112938  1.000000  173.000000  0.126551  1.000000 
 0.001916  2  2475.000000  0.112938  -1.000000  446.000000  -0.000001  -1.000000 
 -0.001226  2  2475.000000  0.112938  -1.000000  446.000000  -0.000001  1.000000 
 0.001188  2  2937.000000  0.004553  1.000000  3684.000000  0.000000  -1.000000 
 -0.001138  2  2937.000000  0.004553  1.000000  3684.000000  0.000000  1.000000 
 0.001262  2  2937.000000  0.004553  -1.000000  126.000000  0.610147  -1.000000 
 -0.001335  2  2937.000000  0.004553  -1.000000  126.000000  0.610147  1.000000 
 0.001317  2  1324.000000  0.116027  -1.000000  43.000000  -0.007201  -1.000000 
 -0.001296  2  1324.000000  0.116027  -1.000000  43.000000  -0.007201  1.000000 
 -0.000934  2  1324.000000  0.116027  1.000000  1362.000000  0.054977  -1.000000 
 0.001278  2  1324.000000  0.116027  1.000000  1362.000000  0.054977  1.000000 
 -0.001196  2  3827.000000  0.090445  -1.000000  3604.000000  0.200848  -1.000000 
 0.000342  2  3827.000000  0.090445  -1.000000  3604.000000  0.200848  1.000000 
 -0.001189  2  3827.000000  0.090445  1.000000  1460.000000  0.045209  -1.000000 
 0.001924  2  3827.000000  0.090445  1.000000  1460.000000  0.045209  1.000000 
 0.000827  1  39.000000  -0.007232  -1.000000 
 0.001456  2  39.000000  -0.007232  1.000000  1108.000000  0.258584  1.000000 
 0.001104  3  39.000000  -0.007232  1.000000  1108.000000  0.258584  -1.000000  2873.000000  -0.000037  -1.000000 
 -0.001307  3  39.000000  -0.007232  1.000000  1108.000000  0.258584  -1.000000  2873.000000  -0.000037  1.000000 
 0.001156  2  3821.000000  -0.003953  -1.000000  3690.000000  0.097753  -1.000000 
 -0.013631  2  3821.000000  -0.003953  -1.000000  3690.000000  0.097753  1.000000 
 0.001032  2  3821.000000  -0.003953  1.000000  687.000000  -0.000002  -1.000000 
 -0.001232  2  3821.000000  -0.003953  1.000000  687.000000  -0.000002  1.000000 
 -0.000897  2  658.000000  0.163460  -1.000000  1130.000000  0.288160  -1.000000 
 0.000805  2  658.000000  0.163460  -1.000000  1130.000000  0.288160  1.000000 
 -0.013510  2  658.000000  0.163460  1.000000  2952.000000  0.000948  -1.000000 
 0.001416  2  658.000000  0.163460  1.000000  2952.000000  0.000948  1.000000 
 -0.001166  1  42.000000  0.000919  -1.000000 
 -0.001792  2  42.000000  0.000919  1.000000  2128.000000  0.058577  -1.000000 
 -0.013469  3  42.000000  0.000919  1.000000  2128.000000  0.058577  1.000000  1489.000000  0.044643  -1.000000 
 0.001091  3  42.000000  0.000919  1.000000  2128.000000  0.058577  1.000000  1489.000000  0.044643  1.000000 
 -0.001070  2  2945.000000  0.051253  1.000000  1189.000000  0.233730  -1.000000 
 0.000809  2  2945.000000  0.051253  1.000000  1189.000000  0.233730  1.000000 
 -0.013493  2  2945.000000  0.051253  -1.000000  493.000000  0.033362  -1.000000 
 0.001192  2  2945.000000  0.051253  -1.000000  493.000000  0.033362  1.000000 
