 479
  0.009339  1  2641.000000  -0.004511  -1.000000 
 -0.002365  2  2641.000000  -0.004511  1.000000  3184.000000  0.967833  -1.000000 
 0.009339  2  2641.000000  -0.004511  1.000000  3184.000000  0.967833  1.000000 
 -0.006236  2  29.000000  -0.000441  1.000000  2327.000000  0.043010  -1.000000 
 0.000609  2  29.000000  -0.000441  1.000000  2327.000000  0.043010  1.000000 
 -0.000850  2  29.000000  -0.000441  -1.000000  2773.000000  0.509900  -1.000000 
 0.000887  2  29.000000  -0.000441  -1.000000  2773.000000  0.509900  1.000000 
 -0.011821  2  639.000000  0.230916  1.000000  1246.000000  0.087091  -1.000000 
 0.000739  2  639.000000  0.230916  1.000000  1246.000000  0.087091  1.000000 
 -0.000526  2  639.000000  0.230916  -1.000000  779.000000  0.290793  -1.000000 
 0.000406  2  639.000000  0.230916  -1.000000  779.000000  0.290793  1.000000 
 -0.000540  1  991.000000  0.167588  -1.000000 
 -0.000601  2  991.000000  0.167588  1.000000  2834.000000  0.029926  1.000000 
 -0.005880  3  991.000000  0.167588  1.000000  2834.000000  0.029926  -1.000000  844.000000  0.060692  -1.000000 
 0.000933  3  991.000000  0.167588  1.000000  2834.000000  0.029926  -1.000000  844.000000  0.060692  1.000000 
 -0.000524  1  161.000000  -3.007625  -1.000000 
 -0.011931  2  161.000000  -3.007625  1.000000  23.000000  -0.000002  -1.000000 
 0.000688  3  161.000000  -3.007625  1.000000  23.000000  -0.000002  1.000000  1541.000000  0.219557  -1.000000 
 -0.000976  3  161.000000  -3.007625  1.000000  23.000000  -0.000002  1.000000  1541.000000  0.219557  1.000000 
 -0.002320  2  601.000000  0.190772  1.000000  771.000000  0.142028  -1.000000 
 0.000836  2  601.000000  0.190772  1.000000  771.000000  0.142028  1.000000 
 -0.000555  2  601.000000  0.190772  -1.000000  1398.000000  0.285297  -1.000000 
 0.000381  2  601.000000  0.190772  -1.000000  1398.000000  0.285297  1.000000 
 -0.000738  1  3414.000000  0.047031  1.000000 
 -0.000471  2  3414.000000  0.047031  -1.000000  980.000000  0.054890  -1.000000 
 0.000724  3  3414.000000  0.047031  -1.000000  980.000000  0.054890  1.000000  1481.000000  0.152426  -1.000000 
 -0.001053  3  3414.000000  0.047031  -1.000000  980.000000  0.054890  1.000000  1481.000000  0.152426  1.000000 
 -0.000673  2  284.000000  0.192084  -1.000000  1286.000000  0.196463  -1.000000 
 0.000317  2  284.000000  0.192084  -1.000000  1286.000000  0.196463  1.000000 
 -0.011797  2  284.000000  0.192084  1.000000  595.000000  0.062697  -1.000000 
 0.000742  2  284.000000  0.192084  1.000000  595.000000  0.062697  1.000000 
 -0.000697  2  26.000000  0.000069  -1.000000  2651.000000  0.281791  -1.000000 
 0.000392  2  26.000000  0.000069  -1.000000  2651.000000  0.281791  1.000000 
 -0.002676  2  26.000000  0.000069  1.000000  782.000000  0.076765  -1.000000 
 0.000769  2  26.000000  0.000069  1.000000  782.000000  0.076765  1.000000 
 -0.000540  1  3150.000000  0.042392  1.000000 
 -0.000848  2  3150.000000  0.042392  -1.000000  974.000000  0.089727  -1.000000 
 0.000815  3  3150.000000  0.042392  -1.000000  974.000000  0.089727  1.000000  3491.000000  0.125353  -1.000000 
 -0.011815  3  3150.000000  0.042392  -1.000000  974.000000  0.089727  1.000000  3491.000000  0.125353  1.000000 
 0.000590  2  934.000000  0.144991  1.000000  2349.000000  0.131407  -1.000000 
 -0.011873  2  934.000000  0.144991  1.000000  2349.000000  0.131407  1.000000 
 -0.000824  2  934.000000  0.144991  -1.000000  2599.000000  0.316349  -1.000000 
 0.000721  2  934.000000  0.144991  -1.000000  2599.000000  0.316349  1.000000 
 -0.000902  2  203.000000  0.139545  -1.000000  2026.000000  0.103794  -1.000000 
 0.000804  2  203.000000  0.139545  -1.000000  2026.000000  0.103794  1.000000 
 -0.000655  2  203.000000  0.139545  1.000000  2596.000000  0.473828  -1.000000 
 0.000757  2  203.000000  0.139545  1.000000  2596.000000  0.473828  1.000000 
 0.000542  1  2923.000000  0.016839  -1.000000 
 0.000496  2  2923.000000  0.016839  1.000000  2141.000000  0.285345  1.000000 
 -0.001106  3  2923.000000  0.016839  1.000000  2141.000000  0.285345  -1.000000  367.000000  0.304436  -1.000000 
 0.000572  3  2923.000000  0.016839  1.000000  2141.000000  0.285345  -1.000000  367.000000  0.304436  1.000000 
 -0.000584  1  846.000000  0.070610  -1.000000 
 -0.000604  2  846.000000  0.070610  1.000000  3412.000000  0.056349  1.000000 
 0.000642  3  846.000000  0.070610  1.000000  3412.000000  0.056349  -1.000000  1427.000000  0.154735  -1.000000 
 -0.011758  3  846.000000  0.070610  1.000000  3412.000000  0.056349  -1.000000  1427.000000  0.154735  1.000000 
 -0.000480  2  2177.000000  0.121861  1.000000  333.000000  0.100941  -1.000000 
 0.000665  2  2177.000000  0.121861  1.000000  333.000000  0.100941  1.000000 
 -0.000811  2  2177.000000  0.121861  -1.000000  1323.000000  0.229940  -1.000000 
 0.000427  2  2177.000000  0.121861  -1.000000  1323.000000  0.229940  1.000000 
 -0.000616  2  1164.000000  0.162140  1.000000  2445.000000  0.145545  -1.000000 
 0.000739  2  1164.000000  0.162140  1.000000  2445.000000  0.145545  1.000000 
 -0.000638  2  1164.000000  0.162140  -1.000000  1286.000000  0.465672  -1.000000 
 0.001311  2  1164.000000  0.162140  -1.000000  1286.000000  0.465672  1.000000 
 0.000607  2  2726.000000  0.130837  1.000000  3310.000000  0.054418  -1.000000 
 -0.000432  2  2726.000000  0.130837  1.000000  3310.000000  0.054418  1.000000 
 -0.000812  2  2726.000000  0.130837  -1.000000  2075.000000  0.329373  -1.000000 
 0.000793  2  2726.000000  0.130837  -1.000000  2075.000000  0.329373  1.000000 
 0.000640  2  615.000000  0.125698  1.000000  1383.000000  0.096608  -1.000000 
 -0.000940  2  615.000000  0.125698  1.000000  1383.000000  0.096608  1.000000 
 -0.000739  2  615.000000  0.125698  -1.000000  2864.000000  0.258243  -1.000000 
 0.000494  2  615.000000  0.125698  -1.000000  2864.000000  0.258243  1.000000 
 -0.000606  2  1711.000000  0.070899  -1.000000  3270.000000  0.485551  -1.000000 
 0.000991  2  1711.000000  0.070899  -1.000000  3270.000000  0.485551  1.000000 
 0.000642  2  1711.000000  0.070899  1.000000  2705.000000  0.070390  -1.000000 
 -0.001474  2  1711.000000  0.070899  1.000000  2705.000000  0.070390  1.000000 
 0.000536  2  2149.000000  0.104349  1.000000  1510.000000  0.081658  -1.000000 
 -0.000597  2  2149.000000  0.104349  1.000000  1510.000000  0.081658  1.000000 
 -0.000831  2  2149.000000  0.104349  -1.000000  1029.000000  0.285789  -1.000000 
 0.001043  2  2149.000000  0.104349  -1.000000  1029.000000  0.285789  1.000000 
 -0.000929  2  26.000000  0.000013  -1.000000  3816.000000  -0.020079  -1.000000 
 0.000372  2  26.000000  0.000013  -1.000000  3816.000000  -0.020079  1.000000 
 0.000954  2  26.000000  0.000013  1.000000  1823.000000  0.089932  -1.000000 
 -0.000918  2  26.000000  0.000013  1.000000  1823.000000  0.089932  1.000000 
 -0.011935  2  714.000000  0.113365  1.000000  964.000000  0.146334  -1.000000 
 0.000715  2  714.000000  0.113365  1.000000  964.000000  0.146334  1.000000 
 -0.000727  2  714.000000  0.113365  -1.000000  3786.000000  0.288758  -1.000000 
 0.000649  2  714.000000  0.113365  -1.000000  3786.000000  0.288758  1.000000 
 -0.000676  2  2610.000000  0.110520  -1.000000  2011.000000  0.364568  -1.000000 
 0.001404  2  2610.000000  0.110520  -1.000000  2011.000000  0.364568  1.000000 
 0.000626  2  2610.000000  0.110520  1.000000  2796.000000  0.146548  -1.000000 
 -0.011995  2  2610.000000  0.110520  1.000000  2796.000000  0.146548  1.000000 
 -0.000760  2  1477.000000  0.116812  -1.000000  1858.000000  0.163716  -1.000000 
 0.000382  2  1477.000000  0.116812  -1.000000  1858.000000  0.163716  1.000000 
 -0.011849  2  1477.000000  0.116812  1.000000  2651.000000  0.086299  -1.000000 
 0.000806  2  1477.000000  0.116812  1.000000  2651.000000  0.086299  1.000000 
 -0.000649  1  2329.000000  0.099820  -1.000000 
 -0.000546  2  2329.000000  0.099820  1.000000  2581.000000  0.158339  1.000000 
 0.000790  3  2329.000000  0.099820  1.000000  2581.000000  0.158339  -1.000000  1725.000000  0.156627  -1.000000 
 -0.011756  3  2329.000000  0.099820  1.000000  2581.000000  0.158339  -1.000000  1725.000000  0.156627  1.000000 
 -0.000689  1  917.000000  0.106728  -1.000000 
 -0.000671  2  917.000000  0.106728  1.000000  2871.000000  0.069390  1.000000 
 0.000897  3  917.000000  0.106728  1.000000  2871.000000  0.069390  -1.000000  1290.000000  0.162789  -1.000000 
 -0.000838  3  917.000000  0.106728  1.000000  2871.000000  0.069390  -1.000000  1290.000000  0.162789  1.000000 
 -0.000540  1  1210.000000  0.091123  -1.000000 
 -0.000692  2  1210.000000  0.091123  1.000000  2164.000000  0.105099  1.000000 
 0.001014  3  1210.000000  0.091123  1.000000  2164.000000  0.105099  -1.000000  1022.000000  0.179341  -1.000000 
 -0.011765  3  1210.000000  0.091123  1.000000  2164.000000  0.105099  -1.000000  1022.000000  0.179341  1.000000 
 -0.000699  2  666.000000  0.199871  -1.000000  2400.000000  0.463056  -1.000000 
 0.000707  2  666.000000  0.199871  -1.000000  2400.000000  0.463056  1.000000 
 -0.000852  2  666.000000  0.199871  1.000000  146.000000  -3.993560  -1.000000 
 0.001112  2  666.000000  0.199871  1.000000  146.000000  -3.993560  1.000000 
 0.000710  2  680.000000  0.095488  1.000000  2699.000000  0.103167  -1.000000 
 -0.001471  2  680.000000  0.095488  1.000000  2699.000000  0.103167  1.000000 
 -0.000800  2  680.000000  0.095488  -1.000000  1198.000000  0.330251  -1.000000 
 0.000990  2  680.000000  0.095488  -1.000000  1198.000000  0.330251  1.000000 
 -0.000791  2  2525.000000  0.014524  1.000000  1243.000000  0.161276  -1.000000 
 0.000303  2  2525.000000  0.014524  1.000000  1243.000000  0.161276  1.000000 
 -0.011915  2  2525.000000  0.014524  -1.000000  3638.000000  0.061265  -1.000000 
 0.001128  2  2525.000000  0.014524  -1.000000  3638.000000  0.061265  1.000000 
 -0.000692  2  1291.000000  0.047610  1.000000  1730.000000  0.173106  -1.000000 
 0.000526  2  1291.000000  0.047610  1.000000  1730.000000  0.173106  1.000000 
 -0.000786  2  1291.000000  0.047610  -1.000000  2768.000000  0.079209  -1.000000 
 0.001011  2  1291.000000  0.047610  -1.000000  2768.000000  0.079209  1.000000 
 -0.000890  2  146.000000  -1.570045  -1.000000  2681.000000  0.256146  -1.000000 
 0.000359  2  146.000000  -1.570045  -1.000000  2681.000000  0.256146  1.000000 
 -0.011867  2  146.000000  -1.570045  1.000000  1321.000000  0.024477  -1.000000 
 0.000753  2  146.000000  -1.570045  1.000000  1321.000000  0.024477  1.000000 
 -0.011972  2  2421.000000  0.041076  -1.000000  741.000000  0.022723  -1.000000 
 0.000727  2  2421.000000  0.041076  -1.000000  741.000000  0.022723  1.000000 
 -0.001044  2  2421.000000  0.041076  1.000000  2254.000000  0.230836  -1.000000 
 0.000619  2  2421.000000  0.041076  1.000000  2254.000000  0.230836  1.000000 
 -0.000873  2  2861.000000  0.056488  -1.000000  572.000000  0.050469  -1.000000 
 0.000673  2  2861.000000  0.056488  -1.000000  572.000000  0.050469  1.000000 
 -0.001022  2  2861.000000  0.056488  1.000000  1957.000000  0.264620  -1.000000 
 0.000774  2  2861.000000  0.056488  1.000000  1957.000000  0.264620  1.000000 
 -0.000629  2  2474.000000  0.191859  -1.000000  2292.000000  0.256904  -1.000000 
 0.000756  2  2474.000000  0.191859  -1.000000  2292.000000  0.256904  1.000000 
 -0.011871  2  2474.000000  0.191859  1.000000  985.000000  0.112387  -1.000000 
 0.000794  2  2474.000000  0.191859  1.000000  985.000000  0.112387  1.000000 
 0.000921  2  146.000000  -2.890235  1.000000  3086.000000  0.063290  -1.000000 
 -0.000566  2  146.000000  -2.890235  1.000000  3086.000000  0.063290  1.000000 
 -0.000708  2  146.000000  -2.890235  -1.000000  2035.000000  0.226292  -1.000000 
 0.000477  2  146.000000  -2.890235  -1.000000  2035.000000  0.226292  1.000000 
 -0.000715  2  2361.000000  0.144425  -1.000000  1257.000000  0.287351  -1.000000 
 0.000523  2  2361.000000  0.144425  -1.000000  1257.000000  0.287351  1.000000 
 -0.011821  2  2361.000000  0.144425  1.000000  2364.000000  0.080942  -1.000000 
 0.000947  2  2361.000000  0.144425  1.000000  2364.000000  0.080942  1.000000 
 -0.000641  1  1715.000000  0.076626  1.000000 
 -0.011994  2  1715.000000  0.076626  -1.000000  949.000000  0.054354  -1.000000 
 0.000752  3  1715.000000  0.076626  -1.000000  949.000000  0.054354  1.000000  3378.000000  0.075883  -1.000000 
 -0.011770  3  1715.000000  0.076626  -1.000000  949.000000  0.054354  1.000000  3378.000000  0.075883  1.000000 
 -0.000916  2  3062.000000  0.111546  1.000000  834.000000  0.079451  -1.000000 
 0.000991  2  3062.000000  0.111546  1.000000  834.000000  0.079451  1.000000 
 -0.000918  2  3062.000000  0.111546  -1.000000  517.000000  0.261929  -1.000000 
 0.000769  2  3062.000000  0.111546  -1.000000  517.000000  0.261929  1.000000 
 -0.000749  2  1007.000000  0.145103  -1.000000  2575.000000  0.280278  -1.000000 
 0.000934  2  1007.000000  0.145103  -1.000000  2575.000000  0.280278  1.000000 
 0.001045  2  1007.000000  0.145103  1.000000  861.000000  0.166057  -1.000000 
 -0.000838  2  1007.000000  0.145103  1.000000  861.000000  0.166057  1.000000 
 -0.000835  1  167.000000  -0.012358  -1.000000 
 -0.000854  2  167.000000  -0.012358  1.000000  496.000000  0.162755  1.000000 
 -0.011712  3  167.000000  -0.012358  1.000000  496.000000  0.162755  -1.000000  23.000000  0.000075  -1.000000 
 0.000854  3  167.000000  -0.012358  1.000000  496.000000  0.162755  -1.000000  23.000000  0.000075  1.000000 
 -0.000834  2  161.000000  -3.007625  1.000000  3437.000000  0.000189  -1.000000 
 0.000752  2  161.000000  -3.007625  1.000000  3437.000000  0.000189  1.000000 
 -0.000748  2  161.000000  -3.007625  -1.000000  3214.000000  0.517020  -1.000000 
 0.002344  2  161.000000  -3.007625  -1.000000  3214.000000  0.517020  1.000000 
 -0.000995  2  567.000000  0.145084  -1.000000  3554.000000  0.169279  -1.000000 
 0.000628  2  567.000000  0.145084  -1.000000  3554.000000  0.169279  1.000000 
 -0.011866  2  567.000000  0.145084  1.000000  29.000000  -0.000442  -1.000000 
 0.000987  2  567.000000  0.145084  1.000000  29.000000  -0.000442  1.000000 
 0.000460  2  3153.000000  0.027364  1.000000  3293.000000  0.019625  -1.000000 
 -0.000807  2  3153.000000  0.027364  1.000000  3293.000000  0.019625  1.000000 
 -0.000900  2  3153.000000  0.027364  -1.000000  601.000000  0.108707  -1.000000 
 0.001179  2  3153.000000  0.027364  -1.000000  601.000000  0.108707  1.000000 
 -0.000967  2  998.000000  0.124422  -1.000000  3248.000000  0.424538  -1.000000 
 0.001956  2  998.000000  0.124422  -1.000000  3248.000000  0.424538  1.000000 
 -0.001114  2  998.000000  0.124422  1.000000  405.000000  0.103145  -1.000000 
 0.000785  2  998.000000  0.124422  1.000000  405.000000  0.103145  1.000000 
 -0.000940  2  1481.000000  0.082028  1.000000  1005.000000  0.209727  -1.000000 
 0.000628  2  1481.000000  0.082028  1.000000  1005.000000  0.209727  1.000000 
 -0.000972  2  1481.000000  0.082028  -1.000000  819.000000  0.089494  -1.000000 
 0.001113  2  1481.000000  0.082028  -1.000000  819.000000  0.089494  1.000000 
 -0.001631  2  2308.000000  0.076764  -1.000000  1414.000000  0.069141  -1.000000 
 0.000942  2  2308.000000  0.076764  -1.000000  1414.000000  0.069141  1.000000 
 -0.000844  2  2308.000000  0.076764  1.000000  1277.000000  0.152718  -1.000000 
 0.000555  2  2308.000000  0.076764  1.000000  1277.000000  0.152718  1.000000 
 -0.000729  2  306.000000  0.050507  1.000000  2100.000000  0.214426  -1.000000 
 0.000707  2  306.000000  0.050507  1.000000  2100.000000  0.214426  1.000000 
 -0.011820  2  306.000000  0.050507  -1.000000  15.000000  0.000007  -1.000000 
 0.000955  2  306.000000  0.050507  -1.000000  15.000000  0.000007  1.000000 
 -0.000788  1  2958.000000  0.085016  1.000000 
 -0.000836  2  2958.000000  0.085016  -1.000000  29.000000  -0.000441  -1.000000 
 -0.000645  3  2958.000000  0.085016  -1.000000  29.000000  -0.000441  1.000000  727.000000  0.039075  -1.000000 
 0.001006  3  2958.000000  0.085016  -1.000000  29.000000  -0.000441  1.000000  727.000000  0.039075  1.000000 
 0.000516  2  3170.000000  0.159951  -1.000000  3067.000000  0.000007  -1.000000 
 -0.001134  2  3170.000000  0.159951  -1.000000  3067.000000  0.000007  1.000000 
 0.001060  2  3170.000000  0.159951  1.000000  2135.000000  0.083873  -1.000000 
 -0.001446  2  3170.000000  0.159951  1.000000  2135.000000  0.083873  1.000000 
 0.000721  2  2501.000000  0.117254  -1.000000  2605.000000  0.003052  -1.000000 
 -0.000674  2  2501.000000  0.117254  -1.000000  2605.000000  0.003052  1.000000 
 0.000850  2  2501.000000  0.117254  1.000000  1102.000000  0.221018  -1.000000 
 -0.011783  2  2501.000000  0.117254  1.000000  1102.000000  0.221018  1.000000 
 -0.000747  2  1519.000000  0.142733  -1.000000  3213.000000  0.183885  -1.000000 
 0.000397  2  1519.000000  0.142733  -1.000000  3213.000000  0.183885  1.000000 
 0.001227  2  1519.000000  0.142733  1.000000  2297.000000  0.103122  -1.000000 
 -0.011815  2  1519.000000  0.142733  1.000000  2297.000000  0.103122  1.000000 
 -0.000412  2  3510.000000  0.045596  -1.000000  355.000000  0.081048  -1.000000 
 0.000698  2  3510.000000  0.045596  -1.000000  355.000000  0.081048  1.000000 
 -0.001603  2  3510.000000  0.045596  1.000000  53.000000  0.068692  -1.000000 
 0.001070  2  3510.000000  0.045596  1.000000  53.000000  0.068692  1.000000 
 0.000797  1  601.000000  0.190772  1.000000 
 0.000675  2  601.000000  0.190772  -1.000000  1591.000000  0.189506  1.000000 
 -0.001221  3  601.000000  0.190772  -1.000000  1591.000000  0.189506  -1.000000  3078.000000  0.210313  -1.000000 
 0.000569  3  601.000000  0.190772  -1.000000  1591.000000  0.189506  -1.000000  3078.000000  0.210313  1.000000 
 -0.001478  1  3342.000000  0.111386  1.000000 
 -0.000718  2  3342.000000  0.111386  -1.000000  3028.000000  0.163030  1.000000 
 0.000778  3  3342.000000  0.111386  -1.000000  3028.000000  0.163030  -1.000000  3414.000000  0.057995  -1.000000 
 -0.000622  3  3342.000000  0.111386  -1.000000  3028.000000  0.163030  -1.000000  3414.000000  0.057995  1.000000 
 -0.000743  2  1748.000000  0.111897  -1.000000  2053.000000  0.166693  -1.000000 
 0.000414  2  1748.000000  0.111897  -1.000000  2053.000000  0.166693  1.000000 
 0.000846  2  1748.000000  0.111897  1.000000  3125.000000  0.095203  -1.000000 
 -0.011871  2  1748.000000  0.111897  1.000000  3125.000000  0.095203  1.000000 
 0.000788  2  2474.000000  0.145334  1.000000  3284.000000  0.100716  -1.000000 
 -0.000679  2  2474.000000  0.145334  1.000000  3284.000000  0.100716  1.000000 
 -0.000726  2  2474.000000  0.145334  -1.000000  1799.000000  0.219415  -1.000000 
 0.001184  2  2474.000000  0.145334  -1.000000  1799.000000  0.219415  1.000000 
 -0.001050  2  998.000000  0.124422  -1.000000  2880.000000  0.226492  -1.000000 
 0.000774  2  998.000000  0.124422  -1.000000  2880.000000  0.226492  1.000000 
 -0.001368  2  998.000000  0.124422  1.000000  405.000000  0.103026  -1.000000 
 0.000705  2  998.000000  0.124422  1.000000  405.000000  0.103026  1.000000 
 -0.000867  2  1684.000000  0.099183  -1.000000  413.000000  0.243778  -1.000000 
 0.000586  2  1684.000000  0.099183  -1.000000  413.000000  0.243778  1.000000 
 0.000893  2  1684.000000  0.099183  1.000000  1715.000000  0.076627  -1.000000 
 -0.000528  2  1684.000000  0.099183  1.000000  1715.000000  0.076627  1.000000 
 -0.000893  1  580.000000  0.174154  1.000000 
 -0.000826  2  580.000000  0.174154  -1.000000  441.000000  0.252930  1.000000 
 -0.011687  3  580.000000  0.174154  -1.000000  441.000000  0.252930  -1.000000  152.000000  -4.484720  -1.000000 
 0.000868  3  580.000000  0.174154  -1.000000  441.000000  0.252930  -1.000000  152.000000  -4.484720  1.000000 
 -0.000801  2  1477.000000  0.106703  -1.000000  1198.000000  0.187908  -1.000000 
 0.000486  2  1477.000000  0.106703  -1.000000  1198.000000  0.187908  1.000000 
 0.000862  2  1477.000000  0.106703  1.000000  2683.000000  0.136570  -1.000000 
 -0.000793  2  1477.000000  0.106703  1.000000  2683.000000  0.136570  1.000000 
 0.000793  2  934.000000  0.144957  1.000000  1229.000000  0.149294  -1.000000 
 -0.000853  2  934.000000  0.144957  1.000000  1229.000000  0.149294  1.000000 
 0.005244  2  934.000000  0.144957  -1.000000  1454.000000  -0.000016  -1.000000 
 -0.000991  2  934.000000  0.144957  -1.000000  1454.000000  -0.000016  1.000000 
 -0.001490  2  1591.000000  0.114602  -1.000000  594.000000  0.163442  -1.000000 
 0.000514  2  1591.000000  0.114602  -1.000000  594.000000  0.163442  1.000000 
 0.000820  2  1591.000000  0.114602  1.000000  2872.000000  0.150394  -1.000000 
 -0.011859  2  1591.000000  0.114602  1.000000  2872.000000  0.150394  1.000000 
 -0.000534  2  323.000000  0.137880  -1.000000  573.000000  0.089746  -1.000000 
 0.000671  2  323.000000  0.137880  -1.000000  573.000000  0.089746  1.000000 
 0.000899  2  323.000000  0.137880  1.000000  2998.000000  0.021066  -1.000000 
 -0.002178  2  323.000000  0.137880  1.000000  2998.000000  0.021066  1.000000 
 -0.000801  2  1519.000000  0.142733  -1.000000  2135.000000  0.236040  -1.000000 
 0.000782  2  1519.000000  0.142733  -1.000000  2135.000000  0.236040  1.000000 
 0.001952  2  1519.000000  0.142733  1.000000  580.000000  0.170109  -1.000000 
 -0.011799  2  1519.000000  0.142733  1.000000  580.000000  0.170109  1.000000 
 -0.000538  2  819.000000  0.103197  1.000000  934.000000  0.144957  -1.000000 
 0.000913  2  819.000000  0.103197  1.000000  934.000000  0.144957  1.000000 
 -0.001166  2  819.000000  0.103197  -1.000000  1044.000000  0.199939  -1.000000 
 0.000733  2  819.000000  0.103197  -1.000000  1044.000000  0.199939  1.000000 
 -0.000785  2  1836.000000  0.060912  1.000000  890.000000  0.140518  -1.000000 
 0.000943  2  1836.000000  0.060912  1.000000  890.000000  0.140518  1.000000 
 -0.000927  2  1836.000000  0.060912  -1.000000  976.000000  0.218336  -1.000000 
 0.000675  2  1836.000000  0.060912  -1.000000  976.000000  0.218336  1.000000 
 -0.001088  2  3155.000000  0.050735  1.000000  2127.000000  0.204094  -1.000000 
 0.000803  2  3155.000000  0.050735  1.000000  2127.000000  0.204094  1.000000 
 0.000818  2  3155.000000  0.050735  -1.000000  404.000000  0.229160  -1.000000 
 -0.001032  2  3155.000000  0.050735  -1.000000  404.000000  0.229160  1.000000 
 0.000863  2  2484.000000  0.061500  -1.000000  502.000000  0.148985  -1.000000 
 -0.001447  2  2484.000000  0.061500  -1.000000  502.000000  0.148985  1.000000 
 -0.000734  2  2484.000000  0.061500  1.000000  889.000000  0.283482  -1.000000 
 0.000897  2  2484.000000  0.061500  1.000000  889.000000  0.283482  1.000000 
 -0.000756  2  306.000000  0.050507  1.000000  2162.000000  0.243748  -1.000000 
 0.000630  2  306.000000  0.050507  1.000000  2162.000000  0.243748  1.000000 
 -0.011894  2  306.000000  0.050507  -1.000000  1129.000000  0.048513  -1.000000 
 0.001087  2  306.000000  0.050507  -1.000000  1129.000000  0.048513  1.000000 
 -0.000595  2  2431.000000  0.125140  -1.000000  860.000000  0.373320  -1.000000 
 0.001323  2  2431.000000  0.125140  -1.000000  860.000000  0.373320  1.000000 
 -0.001013  2  2431.000000  0.125140  1.000000  86.000000  0.465611  -1.000000 
 0.001078  2  2431.000000  0.125140  1.000000  86.000000  0.465611  1.000000 
 0.000553  2  852.000000  0.101902  1.000000  758.000000  0.261184  -1.000000 
 -0.011962  2  852.000000  0.101902  1.000000  758.000000  0.261184  1.000000 
 -0.001182  2  852.000000  0.101902  -1.000000  1286.000000  0.297716  -1.000000 
 0.001077  2  852.000000  0.101902  -1.000000  1286.000000  0.297716  1.000000 
 -0.001171  2  1477.000000  0.102019  1.000000  301.000000  0.069794  -1.000000 
 0.000904  2  1477.000000  0.102019  1.000000  301.000000  0.069794  1.000000 
 -0.001118  2  1477.000000  0.102019  -1.000000  1492.000000  0.217408  -1.000000 
 0.000751  2  1477.000000  0.102019  -1.000000  1492.000000  0.217408  1.000000 
 -0.000398  2  3443.000000  0.029429  -1.000000  821.000000  0.085640  -1.000000 
 0.000921  2  3443.000000  0.029429  -1.000000  821.000000  0.085640  1.000000 
 -0.001574  2  3443.000000  0.029429  1.000000  67.000000  0.026664  -1.000000 
 0.000396  2  3443.000000  0.029429  1.000000  67.000000  0.026664  1.000000 
 0.000646  1  9.000000  1.105130  1.000000 
 0.001065  2  9.000000  1.105130  -1.000000  1085.000000  0.233819  1.000000 
 -0.001155  3  9.000000  1.105130  -1.000000  1085.000000  0.233819  -1.000000  1783.000000  0.216162  -1.000000 
 0.000548  3  9.000000  1.105130  -1.000000  1085.000000  0.233819  -1.000000  1783.000000  0.216162  1.000000 
 0.000370  2  311.000000  0.142651  -1.000000  2889.000000  0.007225  -1.000000 
 -0.001044  2  311.000000  0.142651  -1.000000  2889.000000  0.007225  1.000000 
 0.000807  2  311.000000  0.142651  1.000000  291.000000  0.211691  -1.000000 
 -0.011824  2  311.000000  0.142651  1.000000  291.000000  0.211691  1.000000 
 -0.000823  2  1653.000000  0.083694  -1.000000  2479.000000  0.285570  -1.000000 
 0.001146  2  1653.000000  0.083694  -1.000000  2479.000000  0.285570  1.000000 
 0.000908  2  1653.000000  0.083694  1.000000  2857.000000  0.094901  -1.000000 
 -0.000906  2  1653.000000  0.083694  1.000000  2857.000000  0.094901  1.000000 
 -0.000638  2  2114.000000  0.181179  -1.000000  887.000000  0.264397  -1.000000 
 0.000840  2  2114.000000  0.181179  -1.000000  887.000000  0.264397  1.000000 
 -0.011828  2  2114.000000  0.181179  1.000000  2561.000000  0.100217  -1.000000 
 0.001223  2  2114.000000  0.181179  1.000000  2561.000000  0.100217  1.000000 
 -0.001263  2  182.000000  0.006101  1.000000  1957.000000  0.264402  -1.000000 
 0.000870  2  182.000000  0.006101  1.000000  1957.000000  0.264402  1.000000 
 -0.000780  2  182.000000  0.006101  -1.000000  764.000000  0.097288  -1.000000 
 0.000853  2  182.000000  0.006101  -1.000000  764.000000  0.097288  1.000000 
 -0.001092  2  2256.000000  0.079624  1.000000  2556.000000  0.216735  -1.000000 
 0.001161  2  2256.000000  0.079624  1.000000  2556.000000  0.216735  1.000000 
 0.000947  2  2256.000000  0.079624  -1.000000  2407.000000  0.119703  -1.000000 
 -0.001028  2  2256.000000  0.079624  -1.000000  2407.000000  0.119703  1.000000 
 -0.001295  2  1789.000000  0.087745  1.000000  152.000000  -3.773760  -1.000000 
 0.000871  2  1789.000000  0.087745  1.000000  152.000000  -3.773760  1.000000 
 -0.001030  2  1789.000000  0.087745  -1.000000  2843.000000  0.189033  -1.000000 
 0.000420  2  1789.000000  0.087745  -1.000000  2843.000000  0.189033  1.000000 
 0.001020  2  612.000000  0.106961  1.000000  2841.000000  0.118223  -1.000000 
 -0.012080  2  612.000000  0.106961  1.000000  2841.000000  0.118223  1.000000 
 -0.001063  2  612.000000  0.106961  -1.000000  1549.000000  0.247672  -1.000000 
 0.000779  2  612.000000  0.106961  -1.000000  1549.000000  0.247672  1.000000 
 0.000717  2  164.000000  0.022961  1.000000  1593.000000  0.249750  -1.000000 
 -0.011994  2  164.000000  0.022961  1.000000  1593.000000  0.249750  1.000000 
 -0.000872  2  164.000000  0.022961  -1.000000  2599.000000  0.315485  -1.000000 
 0.001703  2  164.000000  0.022961  -1.000000  2599.000000  0.315485  1.000000 
 0.001104  2  3324.000000  0.063467  -1.000000  2711.000000  0.131954  -1.000000 
 -0.001289  2  3324.000000  0.063467  -1.000000  2711.000000  0.131954  1.000000 
 -0.000786  2  3324.000000  0.063467  1.000000  2141.000000  0.205273  -1.000000 
 0.000559  2  3324.000000  0.063467  1.000000  2141.000000  0.205273  1.000000 
 -0.001401  2  729.000000  0.121992  -1.000000  2242.000000  0.303005  -1.000000 
 0.000720  2  729.000000  0.121992  -1.000000  2242.000000  0.303005  1.000000 
 0.000695  2  729.000000  0.121992  1.000000  2230.000000  0.167794  -1.000000 
 -0.000785  2  729.000000  0.121992  1.000000  2230.000000  0.167794  1.000000 
 -0.001252  2  1207.000000  0.088594  -1.000000  964.000000  0.243981  -1.000000 
 0.000500  2  1207.000000  0.088594  -1.000000  964.000000  0.243981  1.000000 
 0.000742  2  1207.000000  0.088594  1.000000  1736.000000  0.177793  -1.000000 
 -0.011888  2  1207.000000  0.088594  1.000000  1736.000000  0.177793  1.000000 
 0.000693  2  1230.000000  0.057400  1.000000  3464.000000  0.000026  -1.000000 
 -0.001163  2  1230.000000  0.057400  1.000000  3464.000000  0.000026  1.000000 
 -0.011843  2  1230.000000  0.057400  -1.000000  1018.000000  0.083285  -1.000000 
 0.001064  2  1230.000000  0.057400  -1.000000  1018.000000  0.083285  1.000000 
 -0.000962  2  2148.000000  0.169189  -1.000000  3625.000000  0.155002  -1.000000 
 0.000537  2  2148.000000  0.169189  -1.000000  3625.000000  0.155002  1.000000 
 0.001767  2  2148.000000  0.169189  1.000000  1755.000000  0.141189  -1.000000 
 -0.011729  2  2148.000000  0.169189  1.000000  1755.000000  0.141189  1.000000 
 -0.001039  2  2959.000000  0.025079  1.000000  52.000000  0.046894  -1.000000 
 0.000815  2  2959.000000  0.025079  1.000000  52.000000  0.046894  1.000000 
 0.001226  2  2959.000000  0.025079  -1.000000  408.000000  0.122852  -1.000000 
 -0.000535  2  2959.000000  0.025079  -1.000000  408.000000  0.122852  1.000000 
 -0.001095  2  934.000000  0.152930  -1.000000  452.000000  0.184503  -1.000000 
 0.000625  2  934.000000  0.152930  -1.000000  452.000000  0.184503  1.000000 
 -0.011900  2  934.000000  0.152930  1.000000  998.000000  0.049722  -1.000000 
 0.001113  2  934.000000  0.152930  1.000000  998.000000  0.049722  1.000000 
 -0.001510  2  333.000000  0.137165  1.000000  2768.000000  0.077876  -1.000000 
 0.000865  2  333.000000  0.137165  1.000000  2768.000000  0.077876  1.000000 
 -0.001080  2  333.000000  0.137165  -1.000000  3635.000000  0.288052  -1.000000 
 0.000942  2  333.000000  0.137165  -1.000000  3635.000000  0.288052  1.000000 
 0.000900  2  990.000000  0.135433  1.000000  1644.000000  0.134817  -1.000000 
 -0.001081  2  990.000000  0.135433  1.000000  1644.000000  0.134817  1.000000 
 -0.001006  2  990.000000  0.135433  -1.000000  2745.000000  0.193476  -1.000000 
 0.000423  2  990.000000  0.135433  -1.000000  2745.000000  0.193476  1.000000 
 -0.000960  2  749.000000  0.039540  1.000000  896.000000  0.156316  -1.000000 
 0.000342  2  749.000000  0.039540  1.000000  896.000000  0.156316  1.000000 
 0.001213  2  749.000000  0.039540  -1.000000  2277.000000  0.223165  -1.000000 
 -0.011808  2  749.000000  0.039540  -1.000000  2277.000000  0.223165  1.000000 
 -0.000735  2  84.000000  0.443296  1.000000  2622.000000  0.268656  -1.000000 
 0.001427  2  84.000000  0.443296  1.000000  2622.000000  0.268656  1.000000 
 -0.011784  2  84.000000  0.443296  -1.000000  974.000000  0.086267  -1.000000 
 0.001474  2  84.000000  0.443296  -1.000000  974.000000  0.086267  1.000000 
 -0.000774  1  917.000000  0.106434  -1.000000 
 0.001019  2  917.000000  0.106434  1.000000  2279.000000  0.135394  -1.000000 
 -0.002794  3  917.000000  0.106434  1.000000  2279.000000  0.135394  1.000000  3424.000000  0.165670  -1.000000 
 0.001990  3  917.000000  0.106434  1.000000  2279.000000  0.135394  1.000000  3424.000000  0.165670  1.000000 
 -0.001524  2  3560.000000  0.029624  1.000000  705.000000  0.120658  -1.000000 
 0.000479  2  3560.000000  0.029624  1.000000  705.000000  0.120658  1.000000 
 -0.001273  2  3560.000000  0.029624  -1.000000  562.000000  0.087443  -1.000000 
 0.001190  2  3560.000000  0.029624  -1.000000  562.000000  0.087443  1.000000 
 -0.001876  2  1712.000000  0.069845  -1.000000  2148.000000  0.159298  -1.000000 
 0.000427  2  1712.000000  0.069845  -1.000000  2148.000000  0.159298  1.000000 
 0.001110  2  1712.000000  0.069845  1.000000  2450.000000  0.089420  -1.000000 
 -0.001361  2  1712.000000  0.069845  1.000000  2450.000000  0.089420  1.000000 
 0.000936  2  2245.000000  0.085086  -1.000000  938.000000  0.005751  -1.000000 
 -0.001216  2  2245.000000  0.085086  -1.000000  938.000000  0.005751  1.000000 
 0.000874  2  2245.000000  0.085086  1.000000  1967.000000  0.161031  -1.000000 
 -0.001045  2  2245.000000  0.085086  1.000000  1967.000000  0.161031  1.000000 
 -0.000752  2  2980.000000  0.179271  -1.000000  1964.000000  0.169461  -1.000000 
 0.001133  2  2980.000000  0.179271  -1.000000  1964.000000  0.169461  1.000000 
 -0.000870  2  2980.000000  0.179271  1.000000  2847.000000  0.043463  -1.000000 
 0.001113  2  2980.000000  0.179271  1.000000  2847.000000  0.043463  1.000000 
 0.001717  2  2916.000000  0.022312  1.000000  108.000000  0.383131  -1.000000 
 -0.000942  2  2916.000000  0.022312  1.000000  108.000000  0.383131  1.000000 
 -0.011781  2  2916.000000  0.022312  -1.000000  604.000000  0.075567  -1.000000 
 0.001059  2  2916.000000  0.022312  -1.000000  604.000000  0.075567  1.000000 
 -0.000807  2  819.000000  0.128383  -1.000000  1846.000000  0.229530  -1.000000 
 0.000889  2  819.000000  0.128383  -1.000000  1846.000000  0.229530  1.000000 
 0.001232  2  819.000000  0.128383  1.000000  1664.000000  0.133451  -1.000000 
 -0.000785  2  819.000000  0.128383  1.000000  1664.000000  0.133451  1.000000 
 -0.000787  2  1799.000000  0.122843  -1.000000  2781.000000  0.276720  -1.000000 
 0.000644  2  1799.000000  0.122843  -1.000000  2781.000000  0.276720  1.000000 
 0.001099  2  1799.000000  0.122843  1.000000  2155.000000  0.133581  -1.000000 
 -0.011830  2  1799.000000  0.122843  1.000000  2155.000000  0.133581  1.000000 
 -0.000872  2  3747.000000  0.086870  -1.000000  2686.000000  0.242676  -1.000000 
 0.001067  2  3747.000000  0.086870  -1.000000  2686.000000  0.242676  1.000000 
 -0.011970  2  3747.000000  0.086870  1.000000  219.000000  -2.004045  -1.000000 
 0.000918  2  3747.000000  0.086870  1.000000  219.000000  -2.004045  1.000000 
 -0.000978  2  3476.000000  0.000338  1.000000  2792.000000  0.206997  -1.000000 
 0.000797  2  3476.000000  0.000338  1.000000  2792.000000  0.206997  1.000000 
 -0.011903  2  3476.000000  0.000338  -1.000000  14.000000  0.000226  -1.000000 
 0.000950  2  3476.000000  0.000338  -1.000000  14.000000  0.000226  1.000000 
 -0.000880  1  2809.000000  0.086373  -1.000000 
 -0.012215  2  2809.000000  0.086373  1.000000  754.000000  0.168182  1.000000 
 -0.000886  3  2809.000000  0.086373  1.000000  754.000000  0.168182  -1.000000  1916.000000  0.030926  -1.000000 
 0.001376  3  2809.000000  0.086373  1.000000  754.000000  0.168182  -1.000000  1916.000000  0.030926  1.000000 
 0.000447  2  639.000000  0.206703  -1.000000  541.000000  0.088925  -1.000000 
 -0.001214  2  639.000000  0.206703  -1.000000  541.000000  0.088925  1.000000 
 0.001041  2  639.000000  0.206703  1.000000  3003.000000  0.190140  -1.000000 
 -0.011832  2  639.000000  0.206703  1.000000  3003.000000  0.190140  1.000000 
 -0.001203  2  454.000000  0.100697  -1.000000  3328.000000  0.138225  -1.000000 
 0.000634  2  454.000000  0.100697  -1.000000  3328.000000  0.138225  1.000000 
 0.001447  2  454.000000  0.100697  1.000000  2021.000000  0.164411  -1.000000 
 -0.000934  2  454.000000  0.100697  1.000000  2021.000000  0.164411  1.000000 
 -0.011863  2  3150.000000  0.019740  -1.000000  936.000000  0.040012  -1.000000 
 0.001146  2  3150.000000  0.019740  -1.000000  936.000000  0.040012  1.000000 
 -0.001189  2  3150.000000  0.019740  1.000000  1061.000000  0.169685  -1.000000 
 0.000524  2  3150.000000  0.019740  1.000000  1061.000000  0.169685  1.000000 
 0.000893  1  3720.000000  0.162786  1.000000 
 0.003265  2  3720.000000  0.162786  -1.000000  3448.000000  0.261799  1.000000 
 -0.000975  3  3720.000000  0.162786  -1.000000  3448.000000  0.261799  -1.000000  2686.000000  0.297288  -1.000000 
 0.002680  3  3720.000000  0.162786  -1.000000  3448.000000  0.261799  -1.000000  2686.000000  0.297288  1.000000 
 -0.001076  1  2940.000000  0.053874  1.000000 
 -0.001416  2  2940.000000  0.053874  -1.000000  2425.000000  0.040854  1.000000 
 -0.001514  3  2940.000000  0.053874  -1.000000  2425.000000  0.040854  -1.000000  1012.000000  0.073422  -1.000000 
 0.001437  3  2940.000000  0.053874  -1.000000  2425.000000  0.040854  -1.000000  1012.000000  0.073422  1.000000 
 -0.001061  2  316.000000  0.095784  -1.000000  146.000000  -1.390570  -1.000000 
 0.001130  2  316.000000  0.095784  -1.000000  146.000000  -1.390570  1.000000 
 0.000839  2  316.000000  0.095784  1.000000  328.000000  0.200057  -1.000000 
 -0.002079  2  316.000000  0.095784  1.000000  328.000000  0.200057  1.000000 
 0.001101  2  3259.000000  0.024264  -1.000000  627.000000  0.174566  -1.000000 
 -0.001376  2  3259.000000  0.024264  -1.000000  627.000000  0.174566  1.000000 
 -0.001157  2  3259.000000  0.024264  1.000000  452.000000  0.232247  -1.000000 
 0.000613  2  3259.000000  0.024264  1.000000  452.000000  0.232247  1.000000 
 -0.000948  2  2834.000000  0.029911  -1.000000  1198.000000  0.051481  -1.000000 
 0.000853  2  2834.000000  0.029911  -1.000000  1198.000000  0.051481  1.000000 
 -0.001148  2  2834.000000  0.029911  1.000000  3044.000000  0.268567  -1.000000 
 0.002349  2  2834.000000  0.029911  1.000000  3044.000000  0.268567  1.000000 
 -0.000936  2  425.000000  0.141558  -1.000000  2746.000000  0.427457  -1.000000 
 0.002084  2  425.000000  0.141558  -1.000000  2746.000000  0.427457  1.000000 
 -0.001026  2  425.000000  0.141558  1.000000  2150.000000  0.122932  -1.000000 
 0.001233  2  425.000000  0.141558  1.000000  2150.000000  0.122932  1.000000 
 -0.001389  2  2889.000000  0.016722  1.000000  48.000000  0.037317  -1.000000 
 0.000572  2  2889.000000  0.016722  1.000000  48.000000  0.037317  1.000000 
 0.001246  2  2889.000000  0.016722  -1.000000  1759.000000  0.134526  -1.000000 
 -0.011871  2  2889.000000  0.016722  -1.000000  1759.000000  0.134526  1.000000 
 0.000934  2  2471.000000  0.090196  1.000000  627.000000  0.174544  -1.000000 
 -0.001311  2  2471.000000  0.090196  1.000000  627.000000  0.174544  1.000000 
 -0.001225  2  2471.000000  0.090196  -1.000000  3327.000000  0.185731  -1.000000 
 0.000408  2  2471.000000  0.090196  -1.000000  3327.000000  0.185731  1.000000 
 -0.011886  2  2148.000000  0.169189  1.000000  126.000000  0.268753  -1.000000 
 0.001147  2  2148.000000  0.169189  1.000000  126.000000  0.268753  1.000000 
 0.001017  2  2148.000000  0.169189  -1.000000  578.000000  0.010401  -1.000000 
 -0.000898  2  2148.000000  0.169189  -1.000000  578.000000  0.010401  1.000000 
 0.001055  2  295.000000  0.145925  1.000000  3491.000000  0.125341  -1.000000 
 -0.000981  2  295.000000  0.145925  1.000000  3491.000000  0.125341  1.000000 
 -0.000973  2  295.000000  0.145925  -1.000000  3020.000000  0.265518  -1.000000 
 0.001275  2  295.000000  0.145925  -1.000000  3020.000000  0.265518  1.000000 
 0.001181  2  3716.000000  0.073974  1.000000  3123.000000  0.001573  -1.000000 
 -0.001420  2  3716.000000  0.073974  1.000000  3123.000000  0.001573  1.000000 
 0.000897  2  3716.000000  0.073974  -1.000000  2739.000000  0.095502  -1.000000 
 -0.000998  2  3716.000000  0.073974  -1.000000  2739.000000  0.095502  1.000000 
 -0.001403  2  597.000000  0.082778  1.000000  2575.000000  0.219179  -1.000000 
 0.000757  2  597.000000  0.082778  1.000000  2575.000000  0.219179  1.000000 
 0.000886  2  597.000000  0.082778  -1.000000  948.000000  0.200970  -1.000000 
 -0.001309  2  597.000000  0.082778  -1.000000  948.000000  0.200970  1.000000 
